all_port_99.9th_utilization=24.0484424282
all_port_99th_utilization=21.0938402528
all_port_mean_utilization=12.9837718069
all_port_median_utilization=15.52507645
all_port_num=6144
all_port_std_utilization=6.64421504436
all_port_unique_sources=1344
all_port_unique_targets=1344
non_server_port_99.9th_utilization=22.56240352
non_server_port_99th_utilization=21.093613584
non_server_port_mean_utilization=12.8137200004
non_server_port_median_utilization=15.399808
non_server_port_num=4096
non_server_port_std_utilization=6.63275480863
non_server_ports_zero_num=640
server_port_99.9th_utilization=25.3800583433
server_port_99th_utilization=21.0860618688
server_port_mean_utilization=13.3238754197
server_port_median_utilization=15.7156992
server_port_num=2048
server_port_std_utilization=6.65405156752
server_port_zero_num=384
