all_port_99.9th_utilization=88.2131795384
all_port_99th_utilization=83.925641848
all_port_mean_utilization=30.3252930819
all_port_median_utilization=19.56883424
all_port_num=4536
all_port_std_utilization=27.9076456628
all_port_unique_sources=1296
all_port_unique_targets=1296
non_server_port_99.9th_utilization=69.98062878
non_server_port_99th_utilization=66.52081028
non_server_port_mean_utilization=35.3358225956
non_server_port_median_utilization=42.28868512
non_server_port_num=2376
non_server_port_std_utilization=17.4480802474
non_server_ports_zero_num=0
server_port_99.9th_utilization=88.795412632
server_port_99th_utilization=85.811895888
server_port_mean_utilization=24.8137106169
server_port_median_utilization=0.0
server_port_num=2160
server_port_std_utilization=35.2517304383
server_port_zero_num=1440
