all_port_99.9th_utilization=58.3988406561
all_port_99th_utilization=55.2380039492
all_port_mean_utilization=33.3748658405
all_port_median_utilization=33.829133125
all_port_num=4536
all_port_std_utilization=13.2230630407
all_port_unique_sources=1296
all_port_unique_targets=1296
non_server_port_99.9th_utilization=58.7399625833
non_server_port_99th_utilization=56.5458996333
non_server_port_mean_utilization=44.5718617601
non_server_port_median_utilization=45.0410585917
non_server_port_num=2376
non_server_port_std_utilization=5.8584008746
non_server_ports_zero_num=0
server_port_99.9th_utilization=29.3901417528
server_port_99th_utilization=27.7820670583
server_port_mean_utilization=21.058170329
server_port_median_utilization=22.5027642667
server_port_num=2160
server_port_std_utilization=6.31029376341
server_port_zero_num=160
