all_port_99.9th_utilization=94.4187044933
all_port_99th_utilization=90.2949659016
all_port_mean_utilization=4.78135256594
all_port_median_utilization=1.420834375
all_port_num=6144
all_port_std_utilization=14.3237683859
all_port_unique_sources=1344
all_port_unique_targets=1344
non_server_port_99.9th_utilization=91.0187695977
non_server_port_99th_utilization=89.7223742812
non_server_port_mean_utilization=4.72090292744
non_server_port_median_utilization=1.43650875
non_server_port_num=4096
non_server_port_std_utilization=12.7091745141
non_server_ports_zero_num=0
server_port_99.9th_utilization=94.5916754619
server_port_99th_utilization=92.4567125109
server_port_mean_utilization=4.90225184296
server_port_median_utilization=1.363128125
server_port_num=2048
server_port_std_utilization=17.1009609
server_port_zero_num=0
