all_port_99.9th_utilization=39.6733184975
all_port_99th_utilization=30.2705193487
all_port_mean_utilization=5.31730421755
all_port_median_utilization=3.5407657
all_port_num=4536
all_port_std_utilization=6.42558588812
all_port_unique_sources=1296
all_port_unique_targets=1296
non_server_port_99.9th_utilization=38.9643099563
non_server_port_99th_utilization=29.721991075
non_server_port_mean_utilization=7.14386753706
non_server_port_median_utilization=5.420371225
non_server_port_num=2376
non_server_port_std_utilization=5.38830508218
non_server_ports_zero_num=0
server_port_99.9th_utilization=40.235240544
server_port_99th_utilization=31.894835645
server_port_mean_utilization=3.30808456609
server_port_median_utilization=0.0
server_port_num=2160
server_port_std_utilization=6.86010044119
server_port_zero_num=1680
