all_port_99.9th_utilization=18.9966776066
all_port_99th_utilization=10.4183381345
all_port_mean_utilization=0.633029268501
all_port_median_utilization=0.135496
all_port_num=4096
all_port_std_utilization=1.94121272388
all_port_unique_sources=1152
all_port_unique_targets=1152
non_server_port_99.9th_utilization=11.7167642139
non_server_port_99th_utilization=9.22874097686
non_server_port_mean_utilization=0.823070309659
non_server_port_median_utilization=0.357411228571
non_server_port_num=2048
non_server_port_std_utilization=1.596180155
non_server_ports_zero_num=0
server_port_99.9th_utilization=19.3928366202
server_port_99th_utilization=13.9757547314
server_port_mean_utilization=0.442988227342
server_port_median_utilization=0.0339263142857
server_port_num=2048
server_port_std_utilization=2.21733880967
server_port_zero_num=112
