all_port_99.9th_utilization=20.4995743002
all_port_99th_utilization=17.7873244955
all_port_mean_utilization=10.5171580989
all_port_median_utilization=9.94030069
all_port_num=4536
all_port_std_utilization=2.62919127076
all_port_unique_sources=1296
all_port_unique_targets=1296
non_server_port_99.9th_utilization=21.65565604
non_server_port_99th_utilization=18.56887692
non_server_port_mean_utilization=12.396339245
non_server_port_median_utilization=12.142182545
non_server_port_num=2376
non_server_port_std_utilization=2.18568415769
non_server_ports_zero_num=0
server_port_99.9th_utilization=12.2795699952
server_port_99th_utilization=11.157336704
server_port_mean_utilization=8.45005883806
server_port_median_utilization=8.41359856
server_port_num=2160
server_port_std_utilization=1.05084160428
server_port_zero_num=0
