all_port_99.9th_utilization=29.6812176522
all_port_99th_utilization=5.21985938667
all_port_mean_utilization=0.877477281613
all_port_median_utilization=0.845101216667
all_port_num=6144
all_port_std_utilization=1.77030130375
all_port_unique_sources=1344
all_port_unique_targets=1344
non_server_port_99.9th_utilization=29.5662451922
non_server_port_99th_utilization=4.94190134
non_server_port_mean_utilization=0.860209572306
non_server_port_median_utilization=0.82214775
non_server_port_num=4096
non_server_port_std_utilization=1.68186862947
non_server_ports_zero_num=1616
server_port_99.9th_utilization=30.6269785579
server_port_99th_utilization=5.50435495033
server_port_mean_utilization=0.912012700228
server_port_median_utilization=0.895004733333
server_port_num=2048
server_port_std_utilization=1.9346180248
server_port_zero_num=848
