all_port_99.9th_utilization=7.271960706
all_port_99th_utilization=6.60802324
all_port_mean_utilization=0.325220596421
all_port_median_utilization=0.08755552
all_port_num=20736
all_port_std_utilization=1.02168150217
all_port_unique_sources=4176
all_port_unique_targets=4176
non_server_port_99.9th_utilization=7.24606258144
non_server_port_99th_utilization=6.4778351204
non_server_port_mean_utilization=0.323632080337
non_server_port_median_utilization=0.09477096
non_server_port_num=13824
non_server_port_std_utilization=0.898383977302
non_server_ports_zero_num=0
server_port_99.9th_utilization=7.29605903472
server_port_99th_utilization=6.77497724823
server_port_mean_utilization=0.328397628591
server_port_median_utilization=0.07720132
server_port_num=6912
server_port_std_utilization=1.23178593675
server_port_zero_num=0
