all_port_99.9th_utilization=39.6904654892
all_port_99th_utilization=20.8587422567
all_port_mean_utilization=1.25348911361
all_port_median_utilization=0.045382
all_port_num=4536
all_port_std_utilization=4.12152607837
all_port_unique_sources=1296
all_port_unique_targets=1296
non_server_port_99.9th_utilization=25.6154285708
non_server_port_99th_utilization=18.1769130667
non_server_port_mean_utilization=1.61784375384
non_server_port_median_utilization=0.38942035
non_server_port_num=2376
non_server_port_std_utilization=3.62245388424
non_server_ports_zero_num=6
server_port_99.9th_utilization=46.2735894244
server_port_99th_utilization=23.976053101
server_port_mean_utilization=0.852699009352
server_port_median_utilization=0.0
server_port_num=2160
server_port_std_utilization=4.5751065945
server_port_zero_num=2080
