all_port_99.9th_utilization=98.6014182183
all_port_99th_utilization=98.0560279167
all_port_mean_utilization=77.8188687408
all_port_median_utilization=84.19944375
all_port_num=4536
all_port_std_utilization=20.1186648257
all_port_unique_sources=1296
all_port_unique_targets=1296
non_server_port_99.9th_utilization=98.6852742917
non_server_port_99th_utilization=98.228709
non_server_port_mean_utilization=92.4200238739
non_server_port_median_utilization=93.3033689167
non_server_port_num=2376
non_server_port_std_utilization=4.21445071653
non_server_ports_zero_num=0
server_port_99.9th_utilization=84.8737196387
server_port_99th_utilization=80.54436094
server_port_mean_utilization=61.7575980943
server_port_median_utilization=66.1957499583
server_port_num=2160
server_port_std_utilization=18.3842906507
server_port_zero_num=160
