all_port_99.9th_utilization=30.3185475904
all_port_99th_utilization=27.93623288
all_port_mean_utilization=12.5963071364
all_port_median_utilization=17.50232036
all_port_num=6144
all_port_std_utilization=10.932831883
all_port_unique_sources=1344
all_port_unique_targets=1344
non_server_port_99.9th_utilization=29.8875579304
non_server_port_99th_utilization=27.459947148
non_server_port_mean_utilization=12.2339620873
non_server_port_median_utilization=16.16871808
non_server_port_num=4096
non_server_port_std_utilization=10.607959079
non_server_ports_zero_num=1632
server_port_99.9th_utilization=30.364198135
server_port_99th_utilization=28.4427003888
server_port_mean_utilization=13.3209972346
server_port_median_utilization=20.49245376
server_port_num=2048
server_port_std_utilization=11.5210712911
server_port_zero_num=864
