all_port_99.9th_utilization=34.6893956733
all_port_99th_utilization=30.231719346
all_port_mean_utilization=15.7134022134
all_port_median_utilization=17.82117168
all_port_num=4536
all_port_std_utilization=8.21604300563
all_port_unique_sources=1296
all_port_unique_targets=1296
non_server_port_99.9th_utilization=35.121428295
non_server_port_99th_utilization=31.63280088
non_server_port_mean_utilization=18.5157715523
non_server_port_median_utilization=18.37934448
non_server_port_num=2376
non_server_port_std_utilization=6.10395235448
non_server_ports_zero_num=0
server_port_99.9th_utilization=25.5760299642
server_port_99th_utilization=23.4116990722
server_port_mean_utilization=12.6307959405
server_port_median_utilization=17.53350035
server_port_num=2160
server_port_std_utilization=9.09021127864
server_port_zero_num=720
