all_port_99.9th_utilization=48.84941353
all_port_99th_utilization=45.3377416107
all_port_mean_utilization=20.5966603255
all_port_median_utilization=24.62496
all_port_num=4536
all_port_std_utilization=15.6313465695
all_port_unique_sources=1296
all_port_unique_targets=1296
non_server_port_99.9th_utilization=49.04192598
non_server_port_99th_utilization=45.6596657467
non_server_port_mean_utilization=24.0492355942
non_server_port_median_utilization=25.59525656
non_server_port_num=2376
non_server_port_std_utilization=10.7576272571
non_server_ports_zero_num=0
server_port_99.9th_utilization=48.4494827111
server_port_99th_utilization=45.0885131109
server_port_mean_utilization=16.7988275299
server_port_median_utilization=0.0
server_port_num=2160
server_port_std_utilization=18.9282026236
server_port_zero_num=1200
