all_port_99.9th_utilization=99.9430810652
all_port_99th_utilization=71.10063488
all_port_mean_utilization=4.32574688667
all_port_median_utilization=1.55708208
all_port_num=4536
all_port_std_utilization=10.7678136672
all_port_unique_sources=1296
all_port_unique_targets=1296
non_server_port_99.9th_utilization=99.0194599925
non_server_port_99th_utilization=75.43405503
non_server_port_mean_utilization=5.36278245014
non_server_port_median_utilization=2.12855544
non_server_port_num=2376
non_server_port_std_utilization=11.1300327174
non_server_ports_zero_num=0
server_port_99.9th_utilization=99.9493761225
server_port_99th_utilization=40.6984989518
server_port_mean_utilization=3.18500776685
server_port_median_utilization=1.04060936
server_port_num=2160
server_port_std_utilization=10.2340871388
server_port_zero_num=0
