all_port_99.9th_utilization=31.4995815248
all_port_99th_utilization=27.43276592
all_port_mean_utilization=15.7133020916
all_port_median_utilization=15.5533888
all_port_num=4536
all_port_std_utilization=5.43491956763
all_port_unique_sources=1296
all_port_unique_targets=1296
non_server_port_99.9th_utilization=32.42125774
non_server_port_99th_utilization=28.766172715
non_server_port_mean_utilization=18.5142472405
non_server_port_median_utilization=18.62902448
non_server_port_num=2376
non_server_port_std_utilization=4.3712281563
non_server_ports_zero_num=0
server_port_99.9th_utilization=20.4205927514
server_port_99th_utilization=18.495697408
server_port_mean_utilization=12.6322624279
server_port_median_utilization=13.87594471
server_port_num=2160
server_port_std_utilization=4.78429815343
server_port_zero_num=240
