all_port_99.9th_utilization=66.131916901
all_port_99th_utilization=60.4815823862
all_port_mean_utilization=33.303102175
all_port_median_utilization=38.3563949875
all_port_num=4536
all_port_std_utilization=18.6910718324
all_port_unique_sources=1296
all_port_unique_targets=1296
non_server_port_99.9th_utilization=67.33082995
non_server_port_99th_utilization=62.36460865
non_server_port_mean_utilization=44.4591407198
non_server_port_median_utilization=45.0031796375
non_server_port_num=2376
non_server_port_std_utilization=8.83173886957
non_server_ports_zero_num=0
server_port_99.9th_utilization=49.0283342132
server_port_99th_utilization=45.8137152617
server_port_mean_utilization=21.0314597758
server_port_median_utilization=33.5929534
server_port_num=2160
server_port_std_utilization=18.982946392
server_port_zero_num=960
