all_port_99.9th_utilization=99.0316405317
all_port_99th_utilization=98.7148877333
all_port_mean_utilization=71.7929900316
all_port_median_utilization=85.6907921667
all_port_num=4536
all_port_std_utilization=25.0486191034
all_port_unique_sources=1296
all_port_unique_targets=1296
non_server_port_99.9th_utilization=99.1077425
non_server_port_99th_utilization=98.8276286667
non_server_port_mean_utilization=93.5435467616
non_server_port_median_utilization=94.190998
non_server_port_num=2376
non_server_port_std_utilization=3.93216398559
non_server_ports_zero_num=0
server_port_99.9th_utilization=68.7687150257
server_port_99th_utilization=64.0785966533
server_port_mean_utilization=47.8673776286
server_port_median_utilization=51.0393923333
server_port_num=2160
server_port_std_utilization=14.4142827146
server_port_zero_num=160
