all_port_99.9th_utilization=56.4382928099
all_port_99th_utilization=52.530826032
all_port_mean_utilization=2.590762394
all_port_median_utilization=0.6972608
all_port_num=20736
all_port_std_utilization=8.12675014184
all_port_unique_sources=4176
all_port_unique_targets=4176
non_server_port_99.9th_utilization=55.7583134537
non_server_port_99th_utilization=51.5603215934
non_server_port_mean_utilization=2.57807655817
non_server_port_median_utilization=0.75248736
non_server_port_num=13824
non_server_port_std_utilization=7.14015304742
non_server_ports_zero_num=0
server_port_99.9th_utilization=58.2495430667
server_port_99th_utilization=53.7992058848
server_port_mean_utilization=2.61613406565
server_port_median_utilization=0.61400608
server_port_num=6912
server_port_std_utilization=9.80651145618
server_port_zero_num=0
