all_port_99.9th_utilization=30.4263786918
all_port_99th_utilization=6.85269072833
all_port_mean_utilization=1.02468086226
all_port_median_utilization=0.72696555
all_port_num=4536
all_port_std_utilization=2.10352549686
all_port_unique_sources=1296
all_port_unique_targets=1296
non_server_port_99.9th_utilization=30.1695506167
non_server_port_99th_utilization=10.5530684333
non_server_port_mean_utilization=1.16997252151
non_server_port_median_utilization=0.602308116667
non_server_port_num=2376
non_server_port_std_utilization=2.27513595848
non_server_ports_zero_num=727
server_port_99.9th_utilization=30.5117855483
server_port_99th_utilization=5.323735721
server_port_mean_utilization=0.864860037099
server_port_median_utilization=0.847257816667
server_port_num=2160
server_port_std_utilization=1.8840089336
server_port_zero_num=960
