all_port_99.9th_utilization=30.79064709
all_port_99th_utilization=17.865288288
all_port_mean_utilization=9.02942636269
all_port_median_utilization=8.61615136
all_port_num=4536
all_port_std_utilization=2.59533679242
all_port_unique_sources=1296
all_port_unique_targets=1296
non_server_port_99.9th_utilization=22.2721662963
non_server_port_99th_utilization=17.9467136325
non_server_port_mean_utilization=9.55570709474
non_server_port_median_utilization=9.28715488
non_server_port_num=2376
non_server_port_std_utilization=2.21999298437
non_server_ports_zero_num=0
server_port_99.9th_utilization=32.0721899811
server_port_99th_utilization=16.9319272256
server_port_mean_utilization=8.45051755743
server_port_median_utilization=7.85038816
server_port_num=2160
server_port_std_utilization=2.84325759446
server_port_zero_num=0
