all_port_99.9th_utilization=99.8898143341
all_port_99th_utilization=77.4745198123
all_port_mean_utilization=2.14141899372
all_port_median_utilization=0.159296885463
all_port_num=2048
all_port_std_utilization=11.2388751782
all_port_unique_sources=128
all_port_unique_targets=128
non_server_port_num=0
server_port_99.9th_utilization=99.8898143341
server_port_99th_utilization=77.4745198123
server_port_mean_utilization=2.14141899372
server_port_median_utilization=0.159296885463
server_port_num=2048
server_port_std_utilization=11.2388751782
server_port_zero_num=17
