all_port_99.9th_utilization=31.941726621
all_port_99th_utilization=6.83343219333
all_port_mean_utilization=1.22852712808
all_port_median_utilization=0.918983483333
all_port_num=4536
all_port_std_utilization=2.37253271521
all_port_unique_sources=1296
all_port_unique_targets=1296
non_server_port_99.9th_utilization=31.9678235917
non_server_port_99th_utilization=10.5815128917
non_server_port_mean_utilization=1.56030007524
non_server_port_median_utilization=1.01110713333
non_server_port_num=2376
non_server_port_std_utilization=2.71069799092
non_server_ports_zero_num=0
server_port_99.9th_utilization=29.731741639
server_port_99th_utilization=5.323735721
server_port_mean_utilization=0.863576886204
server_port_median_utilization=0.847257816667
server_port_num=2160
server_port_std_utilization=1.86648677033
server_port_zero_num=960
