all_port_99.9th_utilization=31.7391939695
all_port_99th_utilization=6.66274953833
all_port_mean_utilization=1.00476331406
all_port_median_utilization=0.717936866667
all_port_num=4536
all_port_std_utilization=2.08136079439
all_port_unique_sources=1296
all_port_unique_targets=1296
non_server_port_99.9th_utilization=31.9471539125
non_server_port_99th_utilization=7.96668434167
non_server_port_mean_utilization=1.13210739788
non_server_port_median_utilization=0.580686033333
non_server_port_num=2376
non_server_port_std_utilization=2.28379579338
non_server_ports_zero_num=587
server_port_99.9th_utilization=30.08480191
server_port_99th_utilization=5.26886120267
server_port_mean_utilization=0.864684821852
server_port_median_utilization=0.7768511
server_port_num=2160
server_port_std_utilization=1.82279348496
server_port_zero_num=720
