all_port_99.9th_utilization=46.2691171121
all_port_99th_utilization=42.7062358237
all_port_mean_utilization=2.17346196756
all_port_median_utilization=0.611838375
all_port_num=6144
all_port_std_utilization=6.75796597928
all_port_unique_sources=1344
all_port_unique_targets=1344
non_server_port_99.9th_utilization=45.9082341825
non_server_port_99th_utilization=41.777760825
non_server_port_mean_utilization=2.14474427181
non_server_port_median_utilization=0.633673625
non_server_port_num=4096
non_server_port_std_utilization=6.00328290619
non_server_ports_zero_num=0
server_port_99.9th_utilization=46.466122937
server_port_99th_utilization=44.2608358337
server_port_mean_utilization=2.23089735905
server_port_median_utilization=0.57327325
server_port_num=2048
server_port_std_utilization=8.05770147073
server_port_zero_num=0
