all_port_99.9th_utilization=63.2594880251
all_port_99th_utilization=55.3517562112
all_port_mean_utilization=26.8594824416
all_port_median_utilization=34.27172168
all_port_num=4536
all_port_std_utilization=17.6062651391
all_port_unique_sources=1296
all_port_unique_targets=1296
non_server_port_99.9th_utilization=64.849416616
non_server_port_99th_utilization=58.22414272
non_server_port_mean_utilization=35.9643596713
non_server_port_median_utilization=36.152830592
non_server_port_num=2376
non_server_port_std_utilization=9.59737361877
non_server_ports_zero_num=0
server_port_99.9th_utilization=46.2009895218
server_port_99th_utilization=43.5592005488
server_port_mean_utilization=16.844117489
server_port_median_utilization=0.0
server_port_num=2160
server_port_std_utilization=18.9246521674
server_port_zero_num=1200
