all_port_99.9th_utilization=56.9175030941
all_port_99th_utilization=31.2244648296
all_port_mean_utilization=1.89510591048
all_port_median_utilization=0.406038989216
all_port_num=4096
all_port_std_utilization=5.81257610768
all_port_unique_sources=1152
all_port_unique_targets=1152
non_server_port_99.9th_utilization=33.8856813982
non_server_port_99th_utilization=27.8039810602
non_server_port_mean_utilization=2.46205333056
non_server_port_median_utilization=1.07251299908
non_server_port_num=2048
non_server_port_std_utilization=4.76812835435
non_server_ports_zero_num=0
server_port_99.9th_utilization=58.1191753537
server_port_99th_utilization=41.9249044032
server_port_mean_utilization=1.32815849041
server_port_median_utilization=0.101778761109
server_port_num=2048
server_port_std_utilization=6.64786997898
server_port_zero_num=112
