all_port_99.9th_utilization=11.2119958699
all_port_99th_utilization=8.8300832
all_port_mean_utilization=3.42235771117
all_port_median_utilization=3.272954416
all_port_num=4536
all_port_std_utilization=2.88950181089
all_port_unique_sources=1296
all_port_unique_targets=1296
non_server_port_99.9th_utilization=11.969633528
non_server_port_99th_utilization=9.372752576
non_server_port_mean_utilization=4.61330122172
non_server_port_median_utilization=4.425182688
non_server_port_num=2376
non_server_port_std_utilization=1.81112132205
non_server_ports_zero_num=0
server_port_99.9th_utilization=8.1496869848
server_port_99th_utilization=7.87035577728
server_port_mean_utilization=2.11231984957
server_port_median_utilization=0.0
server_port_num=2160
server_port_std_utilization=3.26325094431
server_port_zero_num=1520
