all_port_99.9th_utilization=11.5519245189
all_port_99th_utilization=8.870872752
all_port_mean_utilization=3.39337066224
all_port_median_utilization=3.20626368
all_port_num=4536
all_port_std_utilization=2.8891070134
all_port_unique_sources=1296
all_port_unique_targets=1296
non_server_port_99.9th_utilization=12.855673824
non_server_port_99th_utilization=9.567592464
non_server_port_mean_utilization=4.55795921887
non_server_port_median_utilization=4.353156992
non_server_port_num=2376
non_server_port_std_utilization=1.84557374539
non_server_ports_zero_num=0
server_port_99.9th_utilization=8.14969895896
server_port_99th_utilization=7.87035577728
server_port_mean_utilization=2.11232324994
server_port_median_utilization=0.0
server_port_num=2160
server_port_std_utilization=3.26325608543
server_port_zero_num=1520
