all_port_99.9th_utilization=30.6869455018
all_port_99th_utilization=6.3066925
all_port_mean_utilization=0.940344696539
all_port_median_utilization=0.360853083333
all_port_num=4536
all_port_std_utilization=2.03141454377
all_port_unique_sources=1296
all_port_unique_targets=1296
non_server_port_99.9th_utilization=29.8417627583
non_server_port_99th_utilization=6.13428058333
non_server_port_mean_utilization=1.00938410926
non_server_port_median_utilization=0.795517066667
non_server_port_num=2376
non_server_port_std_utilization=1.96040020299
non_server_ports_zero_num=0
server_port_99.9th_utilization=30.8263302936
server_port_99th_utilization=6.45993718467
server_port_mean_utilization=0.864401342546
server_port_median_utilization=0.0
server_port_num=2160
server_port_std_utilization=2.10415262591
server_port_zero_num=1440
