all_port_99.9th_utilization=74.9792694778
all_port_99th_utilization=55.0667697425
all_port_mean_utilization=14.3031252966
all_port_median_utilization=8.746527025
all_port_num=4536
all_port_std_utilization=14.4586023726
all_port_unique_sources=1296
all_port_unique_targets=1296
non_server_port_99.9th_utilization=45.9212124312
non_server_port_99th_utilization=38.98815905
non_server_port_mean_utilization=16.230599202
non_server_port_median_utilization=17.56567765
non_server_port_num=2376
non_server_port_std_utilization=9.60201822008
non_server_ports_zero_num=0
server_port_99.9th_utilization=75.9874675298
server_port_99th_utilization=62.4401993025
server_port_mean_utilization=12.1829040007
server_port_median_utilization=0.0
server_port_num=2160
server_port_std_utilization=18.1385458221
server_port_zero_num=1440
