all_port_99.9th_utilization=97.8288643753
all_port_99th_utilization=94.669037299
all_port_mean_utilization=42.5496963077
all_port_median_utilization=42.171957322
all_port_num=4536
all_port_std_utilization=34.8884731265
all_port_unique_sources=1296
all_port_unique_targets=1296
non_server_port_99.9th_utilization=98.2557857008
non_server_port_99th_utilization=94.7856875857
non_server_port_mean_utilization=57.1960790794
non_server_port_median_utilization=57.8158882109
non_server_port_num=2376
non_server_port_std_utilization=18.9628767121
non_server_ports_zero_num=0
server_port_99.9th_utilization=96.4152944907
server_port_99th_utilization=94.6359722812
server_port_mean_utilization=26.4386752588
server_port_median_utilization=0.0
server_port_num=2160
server_port_std_utilization=40.8050086023
server_port_zero_num=1520
