all_port_99.9th_utilization=61.5457338765
all_port_99th_utilization=49.37936737
all_port_mean_utilization=16.3583584672
all_port_median_utilization=13.48479515
all_port_num=4536
all_port_std_utilization=9.95319115758
all_port_unique_sources=1296
all_port_unique_targets=1296
non_server_port_99.9th_utilization=67.2867537125
non_server_port_99th_utilization=51.411773025
non_server_port_mean_utilization=20.590318739
non_server_port_median_utilization=18.57632195
non_server_port_num=2376
non_server_port_std_utilization=10.3796863853
non_server_ports_zero_num=0
server_port_99.9th_utilization=57.86097015
server_port_99th_utilization=37.711821157
server_port_mean_utilization=11.7032021682
server_port_median_utilization=10.99050145
server_port_num=2160
server_port_std_utilization=6.93945493338
server_port_zero_num=240
