all_port_99.9th_utilization=89.9441933574
all_port_99th_utilization=77.1952728572
all_port_mean_utilization=4.62300307844
all_port_median_utilization=1.17214435982
all_port_num=4096
all_port_std_utilization=13.5972059061
all_port_unique_sources=1152
all_port_unique_targets=1152
non_server_port_99.9th_utilization=90.7215699531
non_server_port_99th_utilization=72.0958565436
non_server_port_mean_utilization=5.26893383046
non_server_port_median_utilization=1.48552597903
non_server_port_num=2048
non_server_port_std_utilization=12.7941757645
non_server_ports_zero_num=0
server_port_99.9th_utilization=82.7659424009
server_port_99th_utilization=78.1519584549
server_port_mean_utilization=3.97707232643
server_port_median_utilization=1.03041141199
server_port_num=2048
server_port_std_utilization=14.3262915767
server_port_zero_num=0
