all_port_99.9th_utilization=92.1094502553
all_port_99th_utilization=84.4221701312
all_port_mean_utilization=5.06897151149
all_port_median_utilization=1.31623075
all_port_num=4096
all_port_std_utilization=14.7558759735
all_port_unique_sources=1152
all_port_unique_targets=1152
non_server_port_99.9th_utilization=92.2452300851
non_server_port_99th_utilization=78.0462992569
non_server_port_mean_utilization=5.77371997905
non_server_port_median_utilization=1.6068945
non_server_port_num=2048
non_server_port_std_utilization=13.7565544264
non_server_ports_zero_num=0
server_port_99.9th_utilization=89.4913440506
server_port_99th_utilization=85.299926695
server_port_mean_utilization=4.36422304393
server_port_median_utilization=1.138181
server_port_num=2048
server_port_std_utilization=15.6600006705
server_port_zero_num=0
