all_port_99.9th_utilization=99.9101567258
all_port_99th_utilization=89.6844326377
all_port_mean_utilization=2.37976368823
all_port_median_utilization=0.1843792
all_port_num=2048
all_port_std_utilization=12.1437250642
all_port_unique_sources=128
all_port_unique_targets=128
non_server_port_num=0
server_port_99.9th_utilization=99.9101567258
server_port_99th_utilization=89.6844326377
server_port_mean_utilization=2.37976368823
server_port_median_utilization=0.1843792
server_port_num=2048
server_port_std_utilization=12.1437250642
server_port_zero_num=17
