all_port_99.9th_utilization=18.996676986
all_port_99th_utilization=10.443967237
all_port_mean_utilization=0.638875109673
all_port_median_utilization=0.137132942857
all_port_num=4096
all_port_std_utilization=1.94086813694
all_port_unique_sources=1152
all_port_unique_targets=1152
non_server_port_99.9th_utilization=11.6407155361
non_server_port_99th_utilization=9.08910424629
non_server_port_mean_utilization=0.834762557288
non_server_port_median_utilization=0.365099142857
non_server_port_num=2048
non_server_port_std_utilization=1.59393016246
non_server_ports_zero_num=0
server_port_99.9th_utilization=19.3928366202
server_port_99th_utilization=13.9757547314
server_port_mean_utilization=0.442987662059
server_port_median_utilization=0.0339263142857
server_port_num=2048
server_port_std_utilization=2.21733648843
server_port_zero_num=112
