all_port_99.9th_utilization=34.7933932503
all_port_99th_utilization=28.9464015412
all_port_mean_utilization=4.726250456
all_port_median_utilization=4.4740654
all_port_num=4536
all_port_std_utilization=5.17353656458
all_port_unique_sources=1296
all_port_unique_targets=1296
non_server_port_99.9th_utilization=34.9200733469
non_server_port_99th_utilization=29.6787167063
non_server_port_mean_utilization=5.99889553289
non_server_port_median_utilization=4.789244925
non_server_port_num=2376
non_server_port_std_utilization=5.12740406287
non_server_ports_zero_num=0
server_port_99.9th_utilization=29.9705069818
server_port_99th_utilization=27.8720052772
server_port_mean_utilization=3.32634087142
server_port_median_utilization=0.0
server_port_num=2160
server_port_std_utilization=4.8525122026
server_port_zero_num=1200
