all_port_99.9th_utilization=74.3143945112
all_port_99th_utilization=71.314594445
all_port_mean_utilization=32.9699682014
all_port_median_utilization=36.2140327667
all_port_num=4536
all_port_std_utilization=25.1803368535
all_port_unique_sources=1296
all_port_unique_targets=1296
non_server_port_99.9th_utilization=73.0988685292
non_server_port_99th_utilization=69.3566330667
non_server_port_mean_utilization=43.9757771152
non_server_port_median_utilization=46.1506101333
non_server_port_num=2376
non_server_port_std_utilization=12.5380933091
non_server_ports_zero_num=0
server_port_99.9th_utilization=74.3640981893
server_port_99th_utilization=72.3120369187
server_port_mean_utilization=20.8635783963
server_port_median_utilization=0.0
server_port_num=2160
server_port_std_utilization=29.6441261527
server_port_zero_num=1440
