all_port_99.9th_utilization=86.5235147568
all_port_99th_utilization=40.9262998819
all_port_mean_utilization=1.28429267377
all_port_median_utilization=0.0914450652767
all_port_num=4096
all_port_std_utilization=7.01522122092
all_port_unique_sources=1152
all_port_unique_targets=1152
non_server_port_99.9th_utilization=87.9666438865
non_server_port_99th_utilization=39.712715731
non_server_port_mean_utilization=1.24089556211
non_server_port_median_utilization=0.0828961091141
non_server_port_num=2048
non_server_port_std_utilization=7.36692274748
non_server_ports_zero_num=22
server_port_99.9th_utilization=58.0709230473
server_port_99th_utilization=41.9045745144
server_port_mean_utilization=1.32768978543
server_port_median_utilization=0.101778761109
server_port_num=2048
server_port_std_utilization=6.64464748281
server_port_zero_num=112
