all_port_99.9th_utilization=82.1484382444
all_port_99th_utilization=57.2496812433
all_port_mean_utilization=4.08101882191
all_port_median_utilization=1.12311657403
all_port_num=2048
all_port_std_utilization=10.1716303831
all_port_unique_sources=128
all_port_unique_targets=128
non_server_port_num=0
server_port_99.9th_utilization=82.1484382444
server_port_99th_utilization=57.2496812433
server_port_mean_utilization=4.08101882191
server_port_median_utilization=1.12311657403
server_port_num=2048
server_port_std_utilization=10.1716303831
server_port_zero_num=0
