all_port_99.9th_utilization=99.7956062988
all_port_99th_utilization=50.76265536
all_port_mean_utilization=6.01238975347
all_port_median_utilization=3.99393304
all_port_num=4536
all_port_std_utilization=10.5482340336
all_port_unique_sources=1296
all_port_unique_targets=1296
non_server_port_99.9th_utilization=95.653080575
non_server_port_99th_utilization=54.22517379
non_server_port_mean_utilization=8.58529683999
non_server_port_median_utilization=5.91921568
non_server_port_num=2376
non_server_port_std_utilization=10.171428124
non_server_ports_zero_num=0
server_port_99.9th_utilization=99.8414040104
server_port_99th_utilization=41.4484412248
server_port_mean_utilization=3.18219195831
server_port_median_utilization=1.03597704
server_port_num=2160
server_port_std_utilization=10.225527173
server_port_zero_num=0
