all_port_99.9th_utilization=55.1877465265
all_port_99th_utilization=50.4319308125
all_port_mean_utilization=2.57422094488
all_port_median_utilization=0.75558422224
all_port_num=4096
all_port_std_utilization=7.20929068313
all_port_unique_sources=320
all_port_unique_targets=320
non_server_port_99.9th_utilization=13.7465322524
non_server_port_99th_utilization=12.1963922847
non_server_port_mean_utilization=2.47076936363
non_server_port_median_utilization=0.848190530119
non_server_port_num=2048
non_server_port_std_utilization=3.2317504076
non_server_ports_zero_num=0
server_port_99.9th_utilization=56.1538511308
server_port_99th_utilization=52.4611289791
server_port_mean_utilization=2.67767252613
server_port_median_utilization=0.686829279268
server_port_num=2048
server_port_std_utilization=9.66861567916
server_port_zero_num=0
