all_port_99.9th_utilization=81.8862662261
all_port_99th_utilization=78.9822577173
all_port_mean_utilization=51.7631408639
all_port_median_utilization=57.6694836533
all_port_num=4536
all_port_std_utilization=20.1343785649
all_port_unique_sources=1296
all_port_unique_targets=1296
non_server_port_99.9th_utilization=82.68802848
non_server_port_99th_utilization=79.81585296
non_server_port_mean_utilization=68.6122798292
non_server_port_median_utilization=69.1098256533
non_server_port_num=2376
non_server_port_std_utilization=5.82725373685
non_server_ports_zero_num=0
server_port_99.9th_utilization=54.3510996241
server_port_99th_utilization=48.3919931237
server_port_mean_utilization=33.2290880021
server_port_median_utilization=36.54393728
server_port_num=2160
server_port_std_utilization=12.5769311813
server_port_zero_num=240
