all_port_99.9th_utilization=29.8303565025
all_port_99th_utilization=6.10724431667
all_port_mean_utilization=1.01696516094
all_port_median_utilization=0.713039416667
all_port_num=4536
all_port_std_utilization=1.87775392599
all_port_unique_sources=1296
all_port_unique_targets=1296
non_server_port_99.9th_utilization=29.6088146042
non_server_port_99th_utilization=7.45522385833
non_server_port_mean_utilization=1.15513363266
non_server_port_median_utilization=0.78638515
non_server_port_num=2376
non_server_port_std_utilization=1.97783294339
non_server_ports_zero_num=0
server_port_99.9th_utilization=29.8670840857
server_port_99th_utilization=5.09432779733
server_port_mean_utilization=0.864979842052
server_port_median_utilization=0.639182016667
server_port_num=2160
server_port_std_utilization=1.7485453984
server_port_zero_num=240
