all_port_99.9th_utilization=29.471901583
all_port_99th_utilization=7.245350305
all_port_mean_utilization=1.22407453199
all_port_median_utilization=0.76211855
all_port_num=4536
all_port_std_utilization=2.08307056973
all_port_unique_sources=1296
all_port_unique_targets=1296
non_server_port_99.9th_utilization=29.2805935333
non_server_port_99th_utilization=11.0458098667
non_server_port_mean_utilization=1.55074410645
non_server_port_median_utilization=1.04897081667
non_server_port_num=2376
non_server_port_std_utilization=2.29770719917
non_server_ports_zero_num=0
server_port_99.9th_utilization=29.864594516
server_port_99th_utilization=5.15669115133
server_port_mean_utilization=0.864738000077
server_port_median_utilization=0.63861435
server_port_num=2160
server_port_std_utilization=1.74882046855
server_port_zero_num=240
