all_port_99.9th_utilization=65.7133090307
all_port_99th_utilization=60.8743217267
all_port_mean_utilization=33.1587664357
all_port_median_utilization=38.3172946667
all_port_num=4536
all_port_std_utilization=18.6850624747
all_port_unique_sources=1296
all_port_unique_targets=1296
non_server_port_99.9th_utilization=66.2824855958
non_server_port_99th_utilization=62.7377706667
non_server_port_mean_utilization=44.2704167284
non_server_port_median_utilization=44.7902029833
non_server_port_num=2376
non_server_port_std_utilization=8.9902410261
non_server_ports_zero_num=0
server_port_99.9th_utilization=51.8753538901
server_port_99th_utilization=46.808530347
server_port_mean_utilization=20.9359511138
server_port_median_utilization=32.8345316333
server_port_num=2160
server_port_std_utilization=18.9487871489
server_port_zero_num=960
