all_port_99.9th_utilization=99.7208722293
all_port_99th_utilization=56.4895349805
all_port_mean_utilization=2.16217956281
all_port_median_utilization=0.340082607172
all_port_num=4096
all_port_std_utilization=8.99928075743
all_port_unique_sources=320
all_port_unique_targets=320
non_server_port_99.9th_utilization=12.2922870058
non_server_port_99th_utilization=11.390821207
non_server_port_mean_utilization=1.80449971763
non_server_port_median_utilization=0.455796934213
non_server_port_num=2048
non_server_port_std_utilization=3.03300793033
non_server_ports_zero_num=0
server_port_99.9th_utilization=99.7360336255
server_port_99th_utilization=82.8284846503
server_port_mean_utilization=2.519859408
server_port_median_utilization=0.218595335213
server_port_num=2048
server_port_std_utilization=12.3498624063
server_port_zero_num=112
