all_port_99.9th_utilization=29.1449682656
all_port_99th_utilization=5.600369574
all_port_mean_utilization=0.8920017088
all_port_median_utilization=0.698446266667
all_port_num=6144
all_port_std_utilization=1.68189495967
all_port_unique_sources=1344
all_port_unique_targets=1344
non_server_port_99.9th_utilization=28.4362357358
non_server_port_99th_utilization=5.6096663
non_server_port_mean_utilization=0.882119690316
non_server_port_median_utilization=0.688553883333
non_server_port_num=4096
non_server_port_std_utilization=1.60104925646
non_server_ports_zero_num=624
server_port_99.9th_utilization=30.130586376
server_port_99th_utilization=5.27306872267
server_port_mean_utilization=0.911765745768
server_port_median_utilization=0.717778866667
server_port_num=2048
server_port_std_utilization=1.83275983072
server_port_zero_num=368
