all_port_99.9th_utilization=99.5675498562
all_port_99th_utilization=82.8055472722
all_port_mean_utilization=3.71793011206
all_port_median_utilization=0.4662979
all_port_num=2048
all_port_std_utilization=13.6555313418
all_port_unique_sources=128
all_port_unique_targets=128
non_server_port_num=0
server_port_99.9th_utilization=99.5675498562
server_port_99th_utilization=82.8055472722
server_port_mean_utilization=3.71793011206
server_port_median_utilization=0.4662979
server_port_num=2048
server_port_std_utilization=13.6555313418
server_port_zero_num=13
