all_port_99.9th_utilization=15.202424656
all_port_99th_utilization=14.4818972907
all_port_mean_utilization=5.25911910705
all_port_median_utilization=3.44682709333
all_port_num=4536
all_port_std_utilization=4.89689861395
all_port_unique_sources=1296
all_port_unique_targets=1296
non_server_port_99.9th_utilization=15.2709369733
non_server_port_99th_utilization=13.70038112
non_server_port_mean_utilization=6.2045576576
non_server_port_median_utilization=6.87020522667
non_server_port_num=2376
non_server_port_std_utilization=3.35081973121
non_server_ports_zero_num=0
server_port_99.9th_utilization=15.1823756682
server_port_99th_utilization=14.6405780373
server_port_mean_utilization=4.21913670144
server_port_median_utilization=0.0
server_port_num=2160
server_port_std_utilization=5.99513124576
server_port_zero_num=1440
