all_port_99.9th_utilization=85.2762023618
all_port_99th_utilization=72.056338609
all_port_mean_utilization=15.3736030563
all_port_median_utilization=0.0
all_port_num=4536
all_port_std_utilization=19.9194938254
all_port_unique_sources=1296
all_port_unique_targets=1296
non_server_port_99.9th_utilization=87.0538183862
non_server_port_99th_utilization=77.1990257582
non_server_port_mean_utilization=19.1296919718
non_server_port_median_utilization=18.2152163719
non_server_port_num=2376
non_server_port_std_utilization=21.2996626662
non_server_ports_zero_num=937
server_port_99.9th_utilization=43.4334018013
server_port_99th_utilization=41.858916533
server_port_mean_utilization=11.2419052492
server_port_median_utilization=0.0
server_port_num=2160
server_port_std_utilization=17.3671514122
server_port_zero_num=1520
