all_port_99.9th_utilization=51.6783265127
all_port_99th_utilization=34.4971176883
all_port_mean_utilization=4.7687358502
all_port_median_utilization=3.49127843333
all_port_num=4536
all_port_std_utilization=6.51457935893
all_port_unique_sources=1296
all_port_unique_targets=1296
non_server_port_99.9th_utilization=52.7458846208
non_server_port_99th_utilization=38.0926384833
non_server_port_mean_utilization=5.1235556713
non_server_port_median_utilization=2.49531783333
non_server_port_num=2376
non_server_port_std_utilization=7.99416392672
non_server_ports_zero_num=1082
server_port_99.9th_utilization=36.285318746
server_port_99th_utilization=32.1258500887
server_port_mean_utilization=4.37843404699
server_port_median_utilization=3.68380688333
server_port_num=2160
server_port_std_utilization=4.30526630771
server_port_zero_num=240
