all_port_99.9th_utilization=71.1485773116
all_port_99th_utilization=67.5018098778
all_port_mean_utilization=39.9743265158
all_port_median_utilization=42.6512145962
all_port_num=4536
all_port_std_utilization=19.6648715553
all_port_unique_sources=1296
all_port_unique_targets=1296
non_server_port_99.9th_utilization=72.0146506797
non_server_port_99th_utilization=68.8289025614
non_server_port_mean_utilization=53.4104526868
non_server_port_median_utilization=53.808973174
non_server_port_num=2376
non_server_port_std_utilization=7.91793531021
non_server_ports_zero_num=0
server_port_99.9th_utilization=49.2772145007
server_port_99th_utilization=45.7966269031
server_port_mean_utilization=25.1945877277
server_port_median_utilization=35.2333842734
server_port_num=2160
server_port_std_utilization=18.0582081223
server_port_zero_num=720
