all_port_99.9th_utilization=29.4581673353
all_port_99th_utilization=6.67015546167
all_port_mean_utilization=1.3604720861
all_port_median_utilization=1.06112843333
all_port_num=4536
all_port_std_utilization=1.83137295633
all_port_unique_sources=1296
all_port_unique_targets=1296
non_server_port_99.9th_utilization=25.7714452042
non_server_port_99th_utilization=7.33846646667
non_server_port_mean_utilization=1.81240756225
non_server_port_median_utilization=1.4065196
non_server_port_num=2376
non_server_port_std_utilization=1.76437915215
non_server_ports_zero_num=0
server_port_99.9th_utilization=29.6370040148
server_port_99th_utilization=5.175939903
server_port_mean_utilization=0.86334306233
server_port_median_utilization=0.703082066667
server_port_num=2160
server_port_std_utilization=1.77400727753
server_port_zero_num=480
