all_port_99.9th_utilization=88.9971789981
all_port_99th_utilization=82.05330515
all_port_mean_utilization=6.24980257018
all_port_median_utilization=2.2079615
all_port_num=4096
all_port_std_utilization=13.7721185393
all_port_unique_sources=1152
all_port_unique_targets=1152
non_server_port_99.9th_utilization=73.6528264018
non_server_port_99th_utilization=51.45701035
non_server_port_mean_utilization=8.1313621875
non_server_port_median_utilization=4.7588275
non_server_port_num=2048
non_server_port_std_utilization=11.2322450807
non_server_ports_zero_num=0
server_port_99.9th_utilization=89.6344399955
server_port_99th_utilization=85.6194620819
server_port_mean_utilization=4.36824295285
server_port_median_utilization=1.137252
server_port_num=2048
server_port_std_utilization=15.6875312073
server_port_zero_num=0
