all_port_99.9th_utilization=99.6615636166
all_port_99th_utilization=49.8271776205
all_port_mean_utilization=10.2252644104
all_port_median_utilization=9.10316904
all_port_num=4536
all_port_std_utilization=10.4720082445
all_port_unique_sources=1296
all_port_unique_targets=1296
non_server_port_99.9th_utilization=92.4739531213
non_server_port_99th_utilization=54.701099695
non_server_port_mean_utilization=14.0945710892
non_server_port_median_utilization=11.97965328
non_server_port_num=2376
non_server_port_std_utilization=9.00829375358
non_server_ports_zero_num=0
server_port_99.9th_utilization=99.7309707567
server_port_99th_utilization=38.7377256496
server_port_mean_utilization=5.96902706365
server_port_median_utilization=3.44469104
server_port_num=2160
server_port_std_utilization=10.3171543113
server_port_zero_num=0
