all_port_99.9th_utilization=30.977025794
all_port_99th_utilization=5.466645415
all_port_mean_utilization=0.918036149023
all_port_median_utilization=0.695768566667
all_port_num=4536
all_port_std_utilization=1.76639076591
all_port_unique_sources=1296
all_port_unique_targets=1296
non_server_port_99.9th_utilization=31.17583405
non_server_port_99th_utilization=5.54817369167
non_server_port_mean_utilization=0.965765838468
non_server_port_median_utilization=0.688518166667
non_server_port_num=2376
non_server_port_std_utilization=1.74011134696
non_server_ports_zero_num=0
server_port_99.9th_utilization=30.3689961056
server_port_99th_utilization=5.410322539
server_port_mean_utilization=0.865533490633
server_port_median_utilization=0.700635066667
server_port_num=2160
server_port_std_utilization=1.79338718493
server_port_zero_num=480
