all_port_99.9th_utilization=99.2508712465
all_port_99th_utilization=67.4321908655
all_port_mean_utilization=2.47098954701
all_port_median_utilization=0.3507988
all_port_num=6144
all_port_std_utilization=10.7658316472
all_port_unique_sources=1344
all_port_unique_targets=1344
non_server_port_99.9th_utilization=99.2367713705
non_server_port_99th_utilization=62.4288797856
non_server_port_mean_utilization=2.35351361617
non_server_port_median_utilization=0.3957142
non_server_port_num=4096
non_server_port_std_utilization=9.47569553918
non_server_ports_zero_num=112
server_port_99.9th_utilization=99.308518053
server_port_99th_utilization=87.9918948705
server_port_mean_utilization=2.70594140869
server_port_median_utilization=0.228173
server_port_num=2048
server_port_std_utilization=12.9633706148
server_port_zero_num=112
