all_port_99.9th_utilization=51.1759314651
all_port_99th_utilization=47.2390288474
all_port_mean_utilization=30.1806148534
all_port_median_utilization=35.4403050129
all_port_num=6144
all_port_std_utilization=14.5429522823
all_port_unique_sources=1344
all_port_unique_targets=1344
non_server_port_99.9th_utilization=48.6735658272
non_server_port_99th_utilization=45.8895612779
non_server_port_mean_utilization=29.8347577576
non_server_port_median_utilization=35.0335852786
non_server_port_num=4096
non_server_port_std_utilization=14.2870006902
non_server_ports_zero_num=624
server_port_99.9th_utilization=52.057030705
server_port_99th_utilization=48.3706287634
server_port_mean_utilization=30.872329045
server_port_median_utilization=36.2546321972
server_port_num=2048
server_port_std_utilization=15.0179193975
server_port_zero_num=368
