all_port_99.9th_utilization=69.6157606428
all_port_99th_utilization=64.1694708354
all_port_mean_utilization=35.5263407565
all_port_median_utilization=39.6897018046
all_port_num=4536
all_port_std_utilization=19.0584743138
all_port_unique_sources=1296
all_port_unique_targets=1296
non_server_port_99.9th_utilization=70.8059749911
non_server_port_99th_utilization=65.314632397
non_server_port_mean_utilization=47.4395525638
non_server_port_median_utilization=47.6985204575
non_server_port_num=2376
non_server_port_std_utilization=8.71695503901
non_server_ports_zero_num=0
server_port_99.9th_utilization=46.9865847619
server_port_99th_utilization=44.3510622688
server_port_mean_utilization=22.4218077685
server_port_median_utilization=34.6296215384
server_port_num=2160
server_port_std_utilization=18.7441653064
server_port_zero_num=880
