all_port_99.9th_utilization=10.8532437191
all_port_99th_utilization=10.0247913143
all_port_mean_utilization=6.03682744873
all_port_median_utilization=5.50632253333
all_port_num=4536
all_port_std_utilization=2.14664043314
all_port_unique_sources=1296
all_port_unique_targets=1296
non_server_port_99.9th_utilization=10.98682822
non_server_port_99th_utilization=10.3548062933
non_server_port_mean_utilization=7.68424455627
non_server_port_median_utilization=7.78832768
non_server_port_num=2376
non_server_port_std_utilization=1.28100502563
non_server_ports_zero_num=0
server_port_99.9th_utilization=5.88990235776
server_port_99th_utilization=5.5716327488
server_port_mean_utilization=4.22466863044
server_port_median_utilization=4.51278848
server_port_num=2160
server_port_std_utilization=1.26592437709
server_port_zero_num=160
