all_port_99.9th_utilization=97.97662586
all_port_99th_utilization=93.7125689321
all_port_mean_utilization=6.13627218509
all_port_median_utilization=1.88315881744
all_port_num=4096
all_port_std_utilization=16.3975306802
all_port_unique_sources=1152
all_port_unique_targets=1152
non_server_port_99.9th_utilization=98.3146833983
non_server_port_99th_utilization=85.0990409004
non_server_port_mean_utilization=6.99298288586
non_server_port_median_utilization=2.37900146719
non_server_port_num=2048
non_server_port_std_utilization=14.995117569
non_server_ports_zero_num=0
server_port_99.9th_utilization=96.9876522923
server_port_99th_utilization=95.359556191
server_port_mean_utilization=5.27956148433
server_port_median_utilization=1.60830326297
server_port_num=2048
server_port_std_utilization=17.6475654824
server_port_zero_num=0
