all_port_99.9th_utilization=74.962828862
all_port_99th_utilization=40.605924716
all_port_mean_utilization=12.3232883666
all_port_median_utilization=11.00670155
all_port_num=6144
all_port_std_utilization=7.37234089214
all_port_unique_sources=1344
all_port_unique_targets=1344
non_server_port_99.9th_utilization=74.96284643
non_server_port_99th_utilization=38.83259114
non_server_port_mean_utilization=12.1762958076
non_server_port_median_utilization=10.9304365
non_server_port_num=4096
non_server_port_std_utilization=7.2249399094
non_server_ports_zero_num=256
server_port_99.9th_utilization=74.4358734461
server_port_99th_utilization=44.491179744
server_port_mean_utilization=12.6172734845
server_port_median_utilization=11.1222598
server_port_num=2048
server_port_std_utilization=7.65016839203
server_port_zero_num=128
