all_port_99.9th_utilization=94.6794511304
all_port_99th_utilization=90.052326272
all_port_mean_utilization=4.60638664008
all_port_median_utilization=1.27556768
all_port_num=20736
all_port_std_utilization=14.0180515727
all_port_unique_sources=4176
all_port_unique_targets=4176
non_server_port_99.9th_utilization=91.0235434344
non_server_port_99th_utilization=89.526509776
non_server_port_mean_utilization=4.58346909602
non_server_port_median_utilization=1.3142112
non_server_port_num=13824
non_server_port_std_utilization=12.3003877971
non_server_ports_zero_num=0
server_port_99.9th_utilization=95.794411453
server_port_99th_utilization=92.0161677584
server_port_mean_utilization=4.65222172821
server_port_median_utilization=1.1752832
server_port_num=6912
server_port_std_utilization=16.9385677813
server_port_zero_num=0
