all_port_99.9th_utilization=38.2161985555
all_port_99th_utilization=35.733061872
all_port_mean_utilization=20.3330658631
all_port_median_utilization=20.20733904
all_port_num=4536
all_port_std_utilization=8.62714567807
all_port_unique_sources=1296
all_port_unique_targets=1296
non_server_port_99.9th_utilization=39.0482037175
non_server_port_99th_utilization=36.5070684
non_server_port_mean_utilization=27.3425728502
non_server_port_median_utilization=27.51549421
non_server_port_num=2376
non_server_port_std_utilization=4.25805494529
non_server_ports_zero_num=0
server_port_99.9th_utilization=20.4205927514
server_port_99th_utilization=18.495697408
server_port_mean_utilization=12.6226081772
server_port_median_utilization=13.86399593
server_port_num=2160
server_port_std_utilization=4.78082100666
server_port_zero_num=240
