all_port_99.9th_utilization=88.082254876
all_port_99th_utilization=83.845526248
all_port_mean_utilization=39.1990779814
all_port_median_utilization=43.68223224
all_port_num=4536
all_port_std_utilization=29.581324828
all_port_unique_sources=1296
all_port_unique_targets=1296
non_server_port_99.9th_utilization=80.65322046
non_server_port_99th_utilization=77.71508652
non_server_port_mean_utilization=52.2970551556
non_server_port_median_utilization=55.80128632
non_server_port_num=2376
non_server_port_std_utilization=13.5132364489
non_server_ports_zero_num=0
server_port_99.9th_utilization=88.6724982112
server_port_99th_utilization=85.7824372352
server_port_mean_utilization=24.7913030899
server_port_median_utilization=0.0
server_port_num=2160
server_port_std_utilization=35.2200232223
server_port_zero_num=1440
