all_port_99.9th_utilization=46.4432624636
all_port_99th_utilization=43.9845300888
all_port_mean_utilization=23.0726647296
all_port_median_utilization=34.4943644734
all_port_num=6144
all_port_std_utilization=18.1547135568
all_port_unique_sources=1344
all_port_unique_targets=1344
non_server_port_99.9th_utilization=45.8816067311
non_server_port_99th_utilization=43.2105606844
non_server_port_mean_utilization=22.7717508515
non_server_port_median_utilization=33.6968221857
non_server_port_num=4096
non_server_port_std_utilization=17.9701560984
non_server_ports_zero_num=1536
server_port_99.9th_utilization=46.4895905485
server_port_99th_utilization=44.5062693982
server_port_mean_utilization=23.6744924859
server_port_median_utilization=35.1928221579
server_port_num=2048
server_port_std_utilization=18.5036363349
server_port_zero_num=768
