all_port_99.9th_utilization=32.3117635966
all_port_99th_utilization=27.6985489742
all_port_mean_utilization=2.74855545365
all_port_median_utilization=0.4933352
all_port_num=11270
all_port_std_utilization=5.70040442423
all_port_unique_sources=3864
all_port_unique_targets=3864
non_server_port_99.9th_utilization=39.3486938986
non_server_port_99th_utilization=29.598179295
non_server_port_mean_utilization=5.23350540567
non_server_port_median_utilization=3.34503088
non_server_port_num=4186
non_server_port_std_utilization=6.11653517839
non_server_ports_zero_num=0
server_port_99.9th_utilization=29.3998973735
server_port_99th_utilization=27.0348997056
server_port_mean_utilization=1.28017593654
server_port_median_utilization=0.29119632
server_port_num=7084
server_port_std_utilization=4.87687307127
server_port_zero_num=0
