all_port_99.9th_utilization=81.1687315626
all_port_99th_utilization=78.789049184
all_port_mean_utilization=52.0968208473
all_port_median_utilization=58.61257412
all_port_num=4536
all_port_std_utilization=20.1593440587
all_port_unique_sources=1296
all_port_unique_targets=1296
non_server_port_99.9th_utilization=81.899052795
non_server_port_99th_utilization=79.65982104
non_server_port_mean_utilization=69.0432779168
non_server_port_median_utilization=69.67058116
non_server_port_num=2376
non_server_port_std_utilization=5.58580687424
non_server_ports_zero_num=0
server_port_99.9th_utilization=51.5468128392
server_port_99th_utilization=47.4781830372
server_port_mean_utilization=33.4557180708
server_port_median_utilization=36.92574496
server_port_num=2160
server_port_std_utilization=12.479002288
server_port_zero_num=240
