all_port_99.9th_utilization=98.9162208992
all_port_99th_utilization=97.402896576
all_port_mean_utilization=43.6951389238
all_port_median_utilization=42.70645476
all_port_num=4536
all_port_std_utilization=36.0575038944
all_port_unique_sources=1296
all_port_unique_targets=1296
non_server_port_99.9th_utilization=99.0054772
non_server_port_99th_utilization=97.80850448
non_server_port_mean_utilization=58.7796838285
non_server_port_median_utilization=58.71713472
non_server_port_num=2376
non_server_port_std_utilization=20.3282423378
non_server_ports_zero_num=0
server_port_99.9th_utilization=98.057942427
server_port_99th_utilization=96.6149889792
server_port_mean_utilization=27.1021395287
server_port_median_utilization=0.0
server_port_num=2160
server_port_std_utilization=41.8343743744
server_port_zero_num=1520
