all_port_99.9th_utilization=59.2295007195
all_port_99th_utilization=54.183995364
all_port_mean_utilization=26.7019543624
all_port_median_utilization=33.62457772
all_port_num=4536
all_port_std_utilization=17.491004425
all_port_unique_sources=1296
all_port_unique_targets=1296
non_server_port_99.9th_utilization=59.8427294633
non_server_port_99th_utilization=55.7772153267
non_server_port_mean_utilization=35.7196390457
non_server_port_median_utilization=36.3432768667
non_server_port_num=2376
non_server_port_std_utilization=9.39159730581
non_server_ports_zero_num=0
server_port_99.9th_utilization=48.3738077862
server_port_99th_utilization=45.0666208043
server_port_mean_utilization=16.7825012106
server_port_median_utilization=0.0
server_port_num=2160
server_port_std_utilization=18.9101991962
server_port_zero_num=1200
