all_port_99.9th_utilization=94.6698901479
all_port_99th_utilization=52.7121132637
all_port_mean_utilization=1.97896360545
all_port_median_utilization=0.256601
all_port_num=6144
all_port_std_utilization=9.07898824289
all_port_unique_sources=1344
all_port_unique_targets=1344
non_server_port_99.9th_utilization=94.5035518932
non_server_port_99th_utilization=47.968205329
non_server_port_mean_utilization=1.87017527594
non_server_port_median_utilization=0.2855985
non_server_port_num=4096
non_server_port_std_utilization=7.97206091479
non_server_ports_zero_num=112
server_port_99.9th_utilization=95.6200378546
server_port_99th_utilization=69.7054035437
server_port_mean_utilization=2.19654026448
server_port_median_utilization=0.169631571429
server_port_num=2048
server_port_std_utilization=10.9592683461
server_port_zero_num=112
