all_port_99.9th_utilization=76.1251668067
all_port_99th_utilization=48.753636066
all_port_mean_utilization=3.60646851672
all_port_median_utilization=0.973441208401
all_port_num=2048
all_port_std_utilization=9.06196315476
all_port_unique_sources=128
all_port_unique_targets=128
non_server_port_num=0
server_port_99.9th_utilization=76.1251668067
server_port_99th_utilization=48.753636066
server_port_mean_utilization=3.60646851672
server_port_median_utilization=0.973441208401
server_port_num=2048
server_port_std_utilization=9.06196315476
server_port_zero_num=0
