all_port_99.9th_utilization=40.4085653683
all_port_99th_utilization=38.7787543659
all_port_mean_utilization=3.95142740774
all_port_median_utilization=0.0739420282126
all_port_num=4536
all_port_std_utilization=8.22903060322
all_port_unique_sources=1296
all_port_unique_targets=1296
non_server_port_99.9th_utilization=29.7693828437
non_server_port_99th_utilization=24.7207293117
non_server_port_mean_utilization=4.98647778286
non_server_port_median_utilization=2.85896930749
non_server_port_num=2376
non_server_port_std_utilization=6.08142563031
non_server_ports_zero_num=256
server_port_99.9th_utilization=40.8215758715
server_port_99th_utilization=39.4511118838
server_port_mean_utilization=2.8128719951
server_port_median_utilization=0.0
server_port_num=2160
server_port_std_utilization=9.95232142282
server_port_zero_num=2000
