all_port_99.9th_utilization=7.165037416
all_port_99th_utilization=6.61558501067
all_port_mean_utilization=4.51297231432
all_port_median_utilization=4.6715552
all_port_num=4536
all_port_std_utilization=1.21079831417
all_port_unique_sources=1296
all_port_unique_targets=1296
non_server_port_99.9th_utilization=7.35053959333
non_server_port_99th_utilization=6.71742192
non_server_port_mean_utilization=4.77491538936
non_server_port_median_utilization=4.94320485333
non_server_port_num=2376
non_server_port_std_utilization=1.09440475593
non_server_ports_zero_num=0
server_port_99.9th_utilization=5.88990235776
server_port_99th_utilization=5.5716327488
server_port_mean_utilization=4.22483493178
server_port_median_utilization=4.51278848
server_port_num=2160
server_port_std_utilization=1.26596827802
server_port_zero_num=160
