all_port_99.9th_utilization=37.1301760253
all_port_99th_utilization=28.612849475
all_port_mean_utilization=5.36234242044
all_port_median_utilization=4.8660307
all_port_num=4536
all_port_std_utilization=5.08306800714
all_port_unique_sources=1296
all_port_unique_targets=1296
non_server_port_99.9th_utilization=46.495807675
non_server_port_99th_utilization=29.3198488437
non_server_port_mean_utilization=7.21211801664
non_server_port_median_utilization=5.929284425
non_server_port_num=2376
non_server_port_std_utilization=4.97608048864
non_server_ports_zero_num=0
server_port_99.9th_utilization=31.0505074611
server_port_99th_utilization=27.6475307832
server_port_mean_utilization=3.32758926462
server_port_median_utilization=3.8094650625
server_port_num=2160
server_port_std_utilization=4.37233883609
server_port_zero_num=960
