all_port_99.9th_utilization=40.961976632
all_port_99th_utilization=37.833737634
all_port_mean_utilization=20.1275126876
all_port_median_utilization=20.9520296
all_port_num=4536
all_port_std_utilization=10.3188261203
all_port_unique_sources=1296
all_port_unique_targets=1296
non_server_port_99.9th_utilization=42.60999487
non_server_port_99th_utilization=38.940101975
non_server_port_mean_utilization=26.9493355053
non_server_port_median_utilization=27.02644939
non_server_port_num=2376
non_server_port_std_utilization=5.52455112067
non_server_ports_zero_num=0
server_port_99.9th_utilization=25.5737952128
server_port_99th_utilization=23.3626976384
server_port_mean_utilization=12.6235075882
server_port_median_utilization=17.52864448
server_port_num=2160
server_port_std_utilization=9.0846213412
server_port_zero_num=720
