all_port_99.9th_utilization=74.2353453283
all_port_99th_utilization=71.0330678933
all_port_mean_utilization=25.5788105356
all_port_median_utilization=16.5624514667
all_port_num=4536
all_port_std_utilization=23.6200738825
all_port_unique_sources=1296
all_port_unique_targets=1296
non_server_port_99.9th_utilization=61.7106213583
non_server_port_99th_utilization=57.9964152833
non_server_port_mean_utilization=29.8467669606
non_server_port_median_utilization=35.1336876333
non_server_port_num=2376
non_server_port_std_utilization=15.0457520537
non_server_ports_zero_num=0
server_port_99.9th_utilization=74.4343421157
server_port_99th_utilization=72.449896548
server_port_mean_utilization=20.884058468
server_port_median_utilization=0.0
server_port_num=2160
server_port_std_utilization=29.6735025717
server_port_zero_num=1440
