all_port_99.9th_utilization=45.5540154891
all_port_99th_utilization=41.714915648
all_port_mean_utilization=11.3795385593
all_port_median_utilization=5.42847232
all_port_num=4536
all_port_std_utilization=13.3475875363
all_port_unique_sources=1296
all_port_unique_targets=1296
non_server_port_99.9th_utilization=47.8211625267
non_server_port_99th_utilization=40.0700782667
non_server_port_mean_utilization=14.0668279482
non_server_port_median_utilization=10.85244672
non_server_port_num=2376
non_server_port_std_utilization=9.89515600726
non_server_ports_zero_num=0
server_port_99.9th_utilization=44.6366889532
server_port_99th_utilization=41.9349446571
server_port_mean_utilization=8.42352023138
server_port_median_utilization=0.0
server_port_num=2160
server_port_std_utilization=15.8033145477
server_port_zero_num=1680
