all_port_99.9th_utilization=87.3600116694
all_port_99th_utilization=40.2135715764
all_port_mean_utilization=1.2411121127
all_port_median_utilization=0.0815204829991
all_port_num=2048
all_port_std_utilization=7.37588556478
all_port_unique_sources=128
all_port_unique_targets=128
non_server_port_num=0
server_port_99.9th_utilization=87.3600116694
server_port_99th_utilization=40.2135715764
server_port_mean_utilization=1.2411121127
server_port_median_utilization=0.0815204829991
server_port_num=2048
server_port_std_utilization=7.37588556478
server_port_zero_num=17
