all_port_99.9th_utilization=96.5180797472
all_port_99th_utilization=38.9603838965
all_port_mean_utilization=1.40504801962
all_port_median_utilization=0.0
all_port_num=4536
all_port_std_utilization=7.55192334809
all_port_unique_sources=1296
all_port_unique_targets=1296
non_server_port_99.9th_utilization=69.2037446713
non_server_port_99th_utilization=39.5274959575
non_server_port_mean_utilization=1.88992709472
non_server_port_median_utilization=0.50964512
non_server_port_num=2376
non_server_port_std_utilization=5.99055476359
non_server_ports_zero_num=308
server_port_99.9th_utilization=97.9910167039
server_port_99th_utilization=0.6984750688
server_port_mean_utilization=0.871681037014
server_port_median_utilization=0.0
server_port_num=2160
server_port_std_utilization=8.93015830184
server_port_zero_num=2134
