all_port_99.9th_utilization=82.3518093348
all_port_99th_utilization=77.109233943
all_port_mean_utilization=33.4264801163
all_port_median_utilization=34.09670002
all_port_num=4536
all_port_std_utilization=27.2960080346
all_port_unique_sources=1296
all_port_unique_targets=1296
non_server_port_99.9th_utilization=83.26415393
non_server_port_99th_utilization=74.023309125
non_server_port_mean_utilization=44.7712708307
non_server_port_median_utilization=45.51629168
non_server_port_num=2376
non_server_port_std_utilization=14.147726234
non_server_ports_zero_num=0
server_port_99.9th_utilization=80.998344372
server_port_99th_utilization=77.8615149848
server_port_mean_utilization=20.9472103306
server_port_median_utilization=0.0
server_port_num=2160
server_port_std_utilization=32.3600133342
server_port_zero_num=1520
