all_port_99.9th_utilization=30.7891356096
all_port_99th_utilization=20.432735603
all_port_mean_utilization=10.3756172591
all_port_median_utilization=9.884557775
all_port_num=4536
all_port_std_utilization=3.30770330994
all_port_unique_sources=1296
all_port_unique_targets=1296
non_server_port_99.9th_utilization=24.49781414
non_server_port_99th_utilization=20.5007439875
non_server_port_mean_utilization=12.1264080849
non_server_port_median_utilization=11.74073224
non_server_port_num=2376
non_server_port_std_utilization=2.66511401676
non_server_ports_zero_num=0
server_port_99.9th_utilization=32.0700632453
server_port_99th_utilization=16.93185992
server_port_mean_utilization=8.44974735072
server_port_median_utilization=7.85040624
server_port_num=2160
server_port_std_utilization=2.8428869527
server_port_zero_num=0
