all_port_99.9th_utilization=87.933186263
all_port_99th_utilization=79.5147498752
all_port_mean_utilization=22.1337599107
all_port_median_utilization=22.324466368
all_port_num=4536
all_port_std_utilization=22.2801022419
all_port_unique_sources=1296
all_port_unique_targets=1296
non_server_port_99.9th_utilization=89.878869036
non_server_port_99th_utilization=83.333597808
non_server_port_mean_utilization=26.9469551976
non_server_port_median_utilization=24.281436336
non_server_port_num=2376
non_server_port_std_utilization=23.9505868775
non_server_ports_zero_num=671
server_port_99.9th_utilization=46.1740685146
server_port_99th_utilization=43.5770068202
server_port_mean_utilization=16.8392450952
server_port_median_utilization=0.0
server_port_num=2160
server_port_std_utilization=18.9192260298
server_port_zero_num=1200
