all_port_99.9th_utilization=39.6218527338
all_port_99th_utilization=29.3424459787
all_port_mean_utilization=4.73098579856
all_port_median_utilization=3.788557425
all_port_num=4536
all_port_std_utilization=5.5467064972
all_port_unique_sources=1296
all_port_unique_targets=1296
non_server_port_99.9th_utilization=39.3642825188
non_server_port_99th_utilization=29.3096096937
non_server_port_mean_utilization=6.02020227298
non_server_port_median_utilization=4.9604430875
non_server_port_num=2376
non_server_port_std_utilization=5.14085165933
non_server_ports_zero_num=0
server_port_99.9th_utilization=38.6873567595
server_port_99th_utilization=29.361068364
server_port_mean_utilization=3.3128476767
server_port_median_utilization=0.0
server_port_num=2160
server_port_std_utilization=5.63008944021
server_port_zero_num=1440
