all_port_99.9th_utilization=28.8585888924
all_port_99th_utilization=26.463750408
all_port_mean_utilization=1.29936577975
all_port_median_utilization=0.35010224
all_port_num=20736
all_port_std_utilization=4.08113275415
all_port_unique_sources=4176
all_port_unique_targets=4176
non_server_port_99.9th_utilization=28.7182753077
non_server_port_99th_utilization=25.7961035056
non_server_port_mean_utilization=1.29301367934
non_server_port_median_utilization=0.37796304
non_server_port_num=13824
non_server_port_std_utilization=3.5884770386
non_server_ports_zero_num=0
server_port_99.9th_utilization=29.1842361389
server_port_99th_utilization=27.0371478852
server_port_mean_utilization=1.31206998058
server_port_median_utilization=0.30821712
server_port_num=6912
server_port_std_utilization=4.92060531467
server_port_zero_num=0
