all_port_99.9th_utilization=99.5184981643
all_port_99th_utilization=66.2801654975
all_port_mean_utilization=3.95129258421
all_port_median_utilization=0.9165057
all_port_num=4096
all_port_std_utilization=11.6120041841
all_port_unique_sources=1152
all_port_unique_targets=1152
non_server_port_99.9th_utilization=66.693148456
non_server_port_99th_utilization=53.3726429314
non_server_port_mean_utilization=5.16014074219
non_server_port_median_utilization=2.3953156
non_server_port_num=2048
non_server_port_std_utilization=9.66358598431
non_server_ports_zero_num=0
server_port_99.9th_utilization=99.7036572034
server_port_99th_utilization=91.1183922119
server_port_mean_utilization=2.74244442623
server_port_median_utilization=0.2266163
server_port_num=2048
server_port_std_utilization=13.1669951215
server_port_zero_num=112
