all_port_99.9th_utilization=49.2742208045
all_port_99th_utilization=46.1779857984
all_port_mean_utilization=25.8158413936
all_port_median_utilization=34.33430156
all_port_num=6144
all_port_std_utilization=16.9614979935
all_port_unique_sources=1344
all_port_unique_targets=1344
non_server_port_99.9th_utilization=48.8173509282
non_server_port_99th_utilization=45.412142472
non_server_port_mean_utilization=25.4748945114
non_server_port_median_utilization=33.87592736
non_server_port_num=4096
non_server_port_std_utilization=16.6390175364
non_server_ports_zero_num=1120
server_port_99.9th_utilization=50.5666038253
server_port_99th_utilization=47.1392067328
server_port_mean_utilization=26.4977351579
server_port_median_utilization=35.39010112
server_port_num=2048
server_port_std_utilization=17.568891961
server_port_zero_num=608
