all_port_99.9th_utilization=99.2563233752
all_port_99th_utilization=94.8600732016
all_port_mean_utilization=7.13088974606
all_port_median_utilization=2.084943125
all_port_num=2048
all_port_std_utilization=16.7248258084
all_port_unique_sources=128
all_port_unique_targets=128
non_server_port_num=0
server_port_99.9th_utilization=99.2563233752
server_port_99th_utilization=94.8600732016
server_port_mean_utilization=7.13088974606
server_port_median_utilization=2.084943125
server_port_num=2048
server_port_std_utilization=16.7248258084
server_port_zero_num=0
