all_port_99.9th_utilization=25.1670218544
all_port_99th_utilization=23.428983154
all_port_mean_utilization=13.6020014289
all_port_median_utilization=14.13072112
all_port_num=4536
all_port_std_utilization=5.27406970432
all_port_unique_sources=1296
all_port_unique_targets=1296
non_server_port_99.9th_utilization=25.7302351688
non_server_port_99th_utilization=23.83287104
non_server_port_mean_utilization=18.2876412998
non_server_port_median_utilization=18.25371152
non_server_port_num=2376
non_server_port_std_utilization=2.44811442228
non_server_ports_zero_num=0
server_port_99.9th_utilization=12.2795699952
server_port_99th_utilization=11.157336704
server_port_mean_utilization=8.44779757091
server_port_median_utilization=8.40421792
server_port_num=2160
server_port_std_utilization=1.05073900655
server_port_zero_num=0
