all_port_99.9th_utilization=22.803850519
all_port_99th_utilization=17.6702467136
all_port_mean_utilization=6.78363839328
all_port_median_utilization=6.430448608
all_port_num=4536
all_port_std_utilization=5.77150214122
all_port_unique_sources=1296
all_port_unique_targets=1296
non_server_port_99.9th_utilization=25.568973072
non_server_port_99th_utilization=19.047812438
non_server_port_mean_utilization=9.11101380163
non_server_port_median_utilization=8.702575008
non_server_port_num=2376
non_server_port_std_utilization=3.67625276939
non_server_ports_zero_num=0
server_port_99.9th_utilization=16.2974022619
server_port_99th_utilization=15.7399804983
server_port_mean_utilization=4.22352544409
server_port_median_utilization=0.0
server_port_num=2160
server_port_std_utilization=6.52477260362
server_port_zero_num=1520
