all_port_99.9th_utilization=66.0030595706
all_port_99th_utilization=48.8172589702
all_port_mean_utilization=7.53660618078
all_port_median_utilization=4.47764184826
all_port_num=2048
all_port_std_utilization=10.332557033
all_port_unique_sources=128
all_port_unique_targets=128
non_server_port_num=0
server_port_99.9th_utilization=66.0030595706
server_port_99th_utilization=48.8172589702
server_port_mean_utilization=7.53660618078
server_port_median_utilization=4.47764184826
server_port_num=2048
server_port_std_utilization=10.332557033
server_port_zero_num=0
