all_port_99.9th_utilization=12.3710940318
all_port_99th_utilization=8.744317715
all_port_mean_utilization=0.517069671014
all_port_median_utilization=0.12865895
all_port_num=4096
all_port_std_utilization=1.58371332408
all_port_unique_sources=1152
all_port_unique_targets=1152
non_server_port_99.9th_utilization=14.0164257342
non_server_port_99th_utilization=8.318829696
non_server_port_mean_utilization=0.58724394651
non_server_port_median_utilization=0.1586258
non_server_port_num=2048
non_server_port_std_utilization=1.54902698628
non_server_ports_zero_num=0
server_port_99.9th_utilization=9.2936804783
server_port_99th_utilization=8.873796676
server_port_mean_utilization=0.446895395518
server_port_median_utilization=0.11465465
server_port_num=2048
server_port_std_utilization=1.61460903121
server_port_zero_num=0
