all_port_99.9th_utilization=31.3182561265
all_port_99th_utilization=8.99268283
all_port_mean_utilization=1.22070619319
all_port_median_utilization=0.45982525
all_port_num=4536
all_port_std_utilization=2.39494280693
all_port_unique_sources=1296
all_port_unique_targets=1296
non_server_port_99.9th_utilization=28.908933775
non_server_port_99th_utilization=10.9500207583
non_server_port_mean_utilization=1.54650426432
non_server_port_median_utilization=1.03828171667
non_server_port_num=2376
non_server_port_std_utilization=2.4138319696
non_server_ports_zero_num=0
server_port_99.9th_utilization=31.8570060094
server_port_99th_utilization=7.60731546667
server_port_mean_utilization=0.862328314938
server_port_median_utilization=0.0
server_port_num=2160
server_port_std_utilization=2.32177527367
server_port_zero_num=1680
