all_port_99.9th_utilization=66.632081036
all_port_99th_utilization=42.66218657
all_port_mean_utilization=10.2707529407
all_port_median_utilization=7.9743831
all_port_num=4536
all_port_std_utilization=8.86671733657
all_port_unique_sources=1296
all_port_unique_targets=1296
non_server_port_99.9th_utilization=60.1838008667
non_server_port_99th_utilization=45.0853695
non_server_port_mean_utilization=12.1150795376
non_server_port_median_utilization=9.89189836667
non_server_port_num=2376
non_server_port_std_utilization=10.2494089238
non_server_ports_zero_num=344
server_port_99.9th_utilization=70.6351286033
server_port_99th_utilization=33.9867272093
server_port_mean_utilization=8.24199368398
server_port_median_utilization=7.35302676667
server_port_num=2160
server_port_std_utilization=6.45648820129
server_port_zero_num=240
