all_port_99.9th_utilization=68.0997006128
all_port_99th_utilization=40.2413112256
all_port_mean_utilization=3.01521010644
all_port_median_utilization=0.80933625
all_port_num=2048
all_port_std_utilization=7.66678598701
all_port_unique_sources=128
all_port_unique_targets=128
non_server_port_num=0
server_port_99.9th_utilization=68.0997006128
server_port_99th_utilization=40.2413112256
server_port_mean_utilization=3.01521010644
server_port_median_utilization=0.80933625
server_port_num=2048
server_port_std_utilization=7.66678598701
server_port_zero_num=0
