all_port_99.9th_utilization=97.2949828442
all_port_99th_utilization=92.5511778548
all_port_mean_utilization=6.54064816168
all_port_median_utilization=1.60234368
all_port_num=11270
all_port_std_utilization=18.0727382176
all_port_unique_sources=3864
all_port_unique_targets=3864
non_server_port_99.9th_utilization=97.9754077638
non_server_port_99th_utilization=93.948815648
non_server_port_mean_utilization=9.98275790576
non_server_port_median_utilization=3.19199008
non_server_port_num=4186
non_server_port_std_utilization=19.9381268523
non_server_ports_zero_num=0
server_port_99.9th_utilization=95.6770481227
server_port_99th_utilization=91.7460242172
server_port_mean_utilization=4.50667422199
server_port_median_utilization=1.12958736
server_port_num=7084
server_port_std_utilization=16.5404723328
server_port_zero_num=0
