all_port_99.9th_utilization=57.8518396269
all_port_99th_utilization=26.6083224271
all_port_mean_utilization=0.827877533962
all_port_median_utilization=0.0542112571429
all_port_num=2048
all_port_std_utilization=4.938177534
all_port_unique_sources=128
all_port_unique_targets=128
non_server_port_num=0
server_port_99.9th_utilization=57.8518396269
server_port_99th_utilization=26.6083224271
server_port_mean_utilization=0.827877533962
server_port_median_utilization=0.0542112571429
server_port_num=2048
server_port_std_utilization=4.938177534
server_port_zero_num=17
