all_port_99.9th_utilization=27.031167696
all_port_99th_utilization=24.8708984
all_port_mean_utilization=15.0700578905
all_port_median_utilization=13.7791344667
all_port_num=4536
all_port_std_utilization=5.34573773985
all_port_unique_sources=1296
all_port_unique_targets=1296
non_server_port_99.9th_utilization=27.1197266167
non_server_port_99th_utilization=25.9761701
non_server_port_mean_utilization=19.1758765906
non_server_port_median_utilization=19.4111276
non_server_port_num=2376
non_server_port_std_utilization=3.17207766331
non_server_ports_zero_num=0
server_port_99.9th_utilization=14.7047999605
server_port_99th_utilization=13.929081872
server_port_mean_utilization=10.5536573204
server_port_median_utilization=11.278457725
server_port_num=2160
server_port_std_utilization=3.16256774874
server_port_zero_num=160
