all_port_99.9th_utilization=31.2327959687
all_port_99th_utilization=7.05697330833
all_port_mean_utilization=1.07458044912
all_port_median_utilization=0.602742466667
all_port_num=4536
all_port_std_utilization=2.05180325012
all_port_unique_sources=1296
all_port_unique_targets=1296
non_server_port_99.9th_utilization=31.0923510792
non_server_port_99th_utilization=7.519573775
non_server_port_mean_utilization=1.26603607092
non_server_port_median_utilization=0.98943835
non_server_port_num=2376
non_server_port_std_utilization=1.98857331881
non_server_ports_zero_num=0
server_port_99.9th_utilization=30.7871173479
server_port_99th_utilization=6.45991575533
server_port_mean_utilization=0.863979265139
server_port_median_utilization=0.0
server_port_num=2160
server_port_std_utilization=2.09910527228
server_port_zero_num=1440
