all_port_99.9th_utilization=74.2377340833
all_port_99th_utilization=71.0235157133
all_port_mean_utilization=25.8602676467
all_port_median_utilization=17.3665176
all_port_num=4536
all_port_std_utilization=23.6667324157
all_port_unique_sources=1296
all_port_unique_targets=1296
non_server_port_99.9th_utilization=63.00242
non_server_port_99th_utilization=58.642478825
non_server_port_mean_utilization=30.3814594113
non_server_port_median_utilization=35.6204614833
non_server_port_num=2376
non_server_port_std_utilization=15.0231090813
non_server_ports_zero_num=0
server_port_99.9th_utilization=74.4254761662
server_port_99th_utilization=72.4381083187
server_port_mean_utilization=20.8869567058
server_port_median_utilization=0.0
server_port_num=2160
server_port_std_utilization=29.677559999
server_port_zero_num=1440
