all_port_99.9th_utilization=49.1007479074
all_port_99th_utilization=45.1026155093
all_port_mean_utilization=21.4306979416
all_port_median_utilization=32.378064
all_port_num=6144
all_port_std_utilization=18.070425833
all_port_unique_sources=1344
all_port_unique_targets=1344
non_server_port_99.9th_utilization=45.9156932907
non_server_port_99th_utilization=44.0811054933
non_server_port_mean_utilization=21.091309736
non_server_port_median_utilization=31.7226792
non_server_port_num=4096
non_server_port_std_utilization=17.6698148721
non_server_ports_zero_num=1616
server_port_99.9th_utilization=50.4485207869
server_port_99th_utilization=46.8494229653
server_port_mean_utilization=22.1094743527
server_port_median_utilization=33.58259915
server_port_num=2048
server_port_std_utilization=18.8277733151
server_port_zero_num=848
