all_port_99.9th_utilization=50.4570171691
all_port_99th_utilization=45.559699328
all_port_mean_utilization=20.8498904404
all_port_median_utilization=25.0346033067
all_port_num=4536
all_port_std_utilization=15.7142761989
all_port_unique_sources=1296
all_port_unique_targets=1296
non_server_port_99.9th_utilization=51.3666954133
non_server_port_99th_utilization=46.1001184067
non_server_port_mean_utilization=24.532085982
non_server_port_median_utilization=26.06980544
non_server_port_num=2376
non_server_port_std_utilization=10.826942088
non_server_ports_zero_num=0
server_port_99.9th_utilization=48.4577027061
server_port_99th_utilization=45.0786425643
server_port_mean_utilization=16.7994753446
server_port_median_utilization=0.0
server_port_num=2160
server_port_std_utilization=18.9289612823
server_port_zero_num=1200
