all_port_99.9th_utilization=70.9852780514
all_port_99th_utilization=62.9383685256
all_port_mean_utilization=26.8588787674
all_port_median_utilization=26.608865896
all_port_num=4536
all_port_std_utilization=22.2264324551
all_port_unique_sources=1296
all_port_unique_targets=1296
non_server_port_99.9th_utilization=72.036331424
non_server_port_99th_utilization=63.687146688
non_server_port_mean_utilization=35.9803302352
non_server_port_median_utilization=35.925536256
non_server_port_num=2376
non_server_port_std_utilization=12.4183398388
non_server_ports_zero_num=0
server_port_99.9th_utilization=64.8650623539
server_port_99th_utilization=62.598003849
server_port_mean_utilization=16.8252821529
server_port_median_utilization=0.0
server_port_num=2160
server_port_std_utilization=25.99229353
server_port_zero_num=1520
