all_port_99.9th_utilization=1.6443685513
all_port_99th_utilization=1.38796970136
all_port_mean_utilization=0.138989348503
all_port_median_utilization=0.024701784
all_port_num=11270
all_port_std_utilization=0.28688386744
all_port_unique_sources=3864
all_port_unique_targets=3864
non_server_port_99.9th_utilization=2.0054852744
non_server_port_99th_utilization=1.4875518936
non_server_port_mean_utilization=0.265737521572
non_server_port_median_utilization=0.170561872
non_server_port_num=4186
non_server_port_std_utilization=0.308419803448
non_server_ports_zero_num=0
server_port_99.9th_utilization=1.47360697246
server_port_99th_utilization=1.3549562832
server_port_mean_utilization=0.06409270078
server_port_median_utilization=0.01456564
server_port_num=7084
server_port_std_utilization=0.244180524452
server_port_zero_num=0
