all_port_99.9th_utilization=94.9214686429
all_port_99th_utilization=73.4722486852
all_port_mean_utilization=3.75437605138
all_port_median_utilization=1.00570711787
all_port_num=4096
all_port_std_utilization=12.5499252294
all_port_unique_sources=1152
all_port_unique_targets=1152
non_server_port_99.9th_utilization=96.3566482473
non_server_port_99th_utilization=68.634261027
non_server_port_mean_utilization=3.68016560633
non_server_port_median_utilization=0.971537085579
non_server_port_num=2048
non_server_port_std_utilization=11.3928196438
non_server_ports_zero_num=0
server_port_99.9th_utilization=81.2096375126
server_port_99th_utilization=74.6115991551
server_port_mean_utilization=3.82858649644
server_port_median_utilization=1.02916131355
server_port_num=2048
server_port_std_utilization=13.60859628
server_port_zero_num=0
