all_port_99.9th_utilization=31.9276779582
all_port_99th_utilization=6.46397495833
all_port_mean_utilization=1.19991086994
all_port_median_utilization=0.782861466667
all_port_num=4536
all_port_std_utilization=2.18284750286
all_port_unique_sources=1296
all_port_unique_targets=1296
non_server_port_99.9th_utilization=33.1693328
non_server_port_99th_utilization=7.6121697
non_server_port_mean_utilization=1.50620138434
non_server_port_median_utilization=0.971108916667
non_server_port_num=2376
non_server_port_std_utilization=2.46096600787
non_server_ports_zero_num=0
server_port_99.9th_utilization=29.6370040148
server_port_99th_utilization=5.175939903
server_port_mean_utilization=0.862991304105
server_port_median_utilization=0.703082066667
server_port_num=2160
server_port_std_utilization=1.76845402583
server_port_zero_num=480
