all_port_99.9th_utilization=71.0462095546
all_port_99th_utilization=67.1614905
all_port_mean_utilization=3.42729577213
all_port_median_utilization=1.0105394
all_port_num=4096
all_port_std_utilization=9.58405927666
all_port_unique_sources=320
all_port_unique_targets=320
non_server_port_99.9th_utilization=17.6130244396
non_server_port_99th_utilization=15.999390228
non_server_port_mean_utilization=3.28951082053
non_server_port_median_utilization=1.1150682
non_server_port_num=2048
non_server_port_std_utilization=4.29288691386
non_server_ports_zero_num=0
server_port_99.9th_utilization=73.1195442588
server_port_99th_utilization=68.7856293642
server_port_mean_utilization=3.56508072373
server_port_median_utilization=0.9187152
server_port_num=2048
server_port_std_utilization=12.8546309553
server_port_zero_num=0
