all_port_99.9th_utilization=81.738794619
all_port_99th_utilization=54.09559175
all_port_mean_utilization=8.92576009246
all_port_median_utilization=6.97856106667
all_port_num=4536
all_port_std_utilization=10.9763239767
all_port_unique_sources=1296
all_port_unique_targets=1296
non_server_port_99.9th_utilization=87.7697748667
non_server_port_99th_utilization=56.9957532
non_server_port_mean_utilization=9.591474347
non_server_port_median_utilization=4.93763686667
non_server_port_num=2376
non_server_port_std_utilization=13.9129910579
non_server_ports_zero_num=1082
server_port_99.9th_utilization=65.1958590586
server_port_99th_utilization=34.8039456553
server_port_mean_utilization=8.19347441247
server_port_median_utilization=7.3466122
server_port_num=2160
server_port_std_utilization=6.24941256115
server_port_zero_num=240
