all_port_99.9th_utilization=49.4961142713
all_port_99th_utilization=26.1076640085
all_port_mean_utilization=1.30535888869
all_port_median_utilization=0.332193311896
all_port_num=4096
all_port_std_utilization=4.66428524518
all_port_unique_sources=1152
all_port_unique_targets=1152
non_server_port_99.9th_utilization=53.030554946
non_server_port_99th_utilization=22.7986164718
non_server_port_mean_utilization=1.27096696017
non_server_port_median_utilization=0.314425417421
non_server_port_num=2048
non_server_port_std_utilization=4.48177937534
non_server_ports_zero_num=0
server_port_99.9th_utilization=27.8802524234
server_port_99th_utilization=26.6029276879
server_port_mean_utilization=1.33975081721
server_port_median_utilization=0.343962875116
server_port_num=2048
server_port_std_utilization=4.8396695877
server_port_zero_num=0
