all_port_99.9th_utilization=88.0334195159
all_port_99th_utilization=75.8499523637
all_port_mean_utilization=4.6268760519
all_port_median_utilization=0.9185351875
all_port_num=4536
all_port_std_utilization=12.1431566438
all_port_unique_sources=1296
all_port_unique_targets=1296
non_server_port_99.9th_utilization=45.0301349906
non_server_port_99th_utilization=39.8307237125
non_server_port_mean_utilization=6.2133925757
non_server_port_median_utilization=4.03561165
non_server_port_num=2376
non_server_port_std_utilization=8.87560581688
non_server_ports_zero_num=4
server_port_99.9th_utilization=88.9235492436
server_port_99th_utilization=81.1152325752
server_port_mean_utilization=2.88170787571
server_port_median_utilization=0.0
server_port_num=2160
server_port_std_utilization=14.7373595087
server_port_zero_num=2080
