all_port_99.9th_utilization=32.296824822
all_port_99th_utilization=7.36835485667
all_port_mean_utilization=1.22465348386
all_port_median_utilization=0.965313716667
all_port_num=4536
all_port_std_utilization=2.10369976459
all_port_unique_sources=1296
all_port_unique_targets=1296
non_server_port_99.9th_utilization=32.3137780167
non_server_port_99th_utilization=10.8622089417
non_server_port_mean_utilization=1.55260249292
non_server_port_median_utilization=1.08114338333
non_server_port_num=2376
non_server_port_std_utilization=2.24099216188
non_server_ports_zero_num=0
server_port_99.9th_utilization=30.0318721296
server_port_99th_utilization=5.30396219467
server_port_mean_utilization=0.863909573904
server_port_median_utilization=0.857688483333
server_port_num=2160
server_port_std_utilization=1.87642437527
server_port_zero_num=960
