all_port_99.9th_utilization=66.477971144
all_port_99th_utilization=61.4007510333
all_port_mean_utilization=33.4144019886
all_port_median_utilization=38.5660621667
all_port_num=4536
all_port_std_utilization=18.842216504
all_port_unique_sources=1296
all_port_unique_targets=1296
non_server_port_99.9th_utilization=67.6052927333
non_server_port_99th_utilization=62.8024966667
non_server_port_mean_utilization=44.7559189318
non_server_port_median_utilization=45.2105442167
non_server_port_num=2376
non_server_port_std_utilization=9.00849722287
non_server_ports_zero_num=0
server_port_99.9th_utilization=51.9108126539
server_port_99th_utilization=46.8465834397
server_port_mean_utilization=20.9387333511
server_port_median_utilization=32.8247226667
server_port_num=2160
server_port_std_utilization=18.9514516127
server_port_zero_num=960
