all_port_99.9th_utilization=99.1898283464
all_port_99th_utilization=97.750922224
all_port_mean_utilization=42.5003915269
all_port_median_utilization=40.53779296
all_port_num=4536
all_port_std_utilization=35.5235450117
all_port_unique_sources=1296
all_port_unique_targets=1296
non_server_port_99.9th_utilization=99.2904519
non_server_port_99th_utilization=98.2911068
non_server_port_mean_utilization=56.8585454522
non_server_port_median_utilization=56.0791702
non_server_port_num=2376
non_server_port_std_utilization=20.6718197091
non_server_ports_zero_num=0
server_port_99.9th_utilization=97.8437938597
server_port_99th_utilization=96.5608476564
server_port_mean_utilization=26.7064222091
server_port_median_utilization=0.0
server_port_num=2160
server_port_std_utilization=41.2766092715
server_port_zero_num=1520
