all_port_99.9th_utilization=49.187288852
all_port_99th_utilization=45.4200293887
all_port_mean_utilization=22.6856625081
all_port_median_utilization=25.5000813
all_port_num=4536
all_port_std_utilization=15.0301760608
all_port_unique_sources=1296
all_port_unique_targets=1296
non_server_port_99.9th_utilization=49.0226641406
non_server_port_99th_utilization=44.2850629125
non_server_port_mean_utilization=24.1610990382
non_server_port_median_utilization=24.48490715
non_server_port_num=2376
non_server_port_std_utilization=9.90715416479
non_server_ports_zero_num=0
server_port_99.9th_utilization=49.0381073713
server_port_99th_utilization=45.8639743735
server_port_mean_utilization=21.062682325
server_port_median_utilization=33.633829325
server_port_num=2160
server_port_std_utilization=19.0107196377
server_port_zero_num=960
