all_port_99.9th_utilization=45.8122308913
all_port_99th_utilization=42.3531652797
all_port_mean_utilization=2.14577312244
all_port_median_utilization=0.63025375
all_port_num=4096
all_port_std_utilization=6.01104513344
all_port_unique_sources=320
all_port_unique_targets=320
non_server_port_99.9th_utilization=11.5108268288
non_server_port_99th_utilization=10.12742282
non_server_port_mean_utilization=2.05951032331
non_server_port_median_utilization=0.706305
non_server_port_num=2048
non_server_port_std_utilization=2.69745299149
non_server_ports_zero_num=0
server_port_99.9th_utilization=46.8777590735
server_port_99th_utilization=43.8878760795
server_port_mean_utilization=2.23203592156
server_port_median_utilization=0.5724495
server_port_num=2048
server_port_std_utilization=8.06065704581
server_port_zero_num=0
