all_port_99.9th_utilization=29.4235015497
all_port_99th_utilization=17.573980634
all_port_mean_utilization=1.17486629525
all_port_median_utilization=0.3157688
all_port_num=2048
all_port_std_utilization=3.05494347784
all_port_unique_sources=128
all_port_unique_targets=128
non_server_port_num=0
server_port_99.9th_utilization=29.4235015497
server_port_99th_utilization=17.573980634
server_port_mean_utilization=1.17486629525
server_port_median_utilization=0.3157688
server_port_num=2048
server_port_std_utilization=3.05494347784
server_port_zero_num=0
