all_port_99.9th_utilization=51.1797802928
all_port_99th_utilization=45.8446866933
all_port_mean_utilization=22.5842906737
all_port_median_utilization=25.4456712
all_port_num=4536
all_port_std_utilization=15.0521530909
all_port_unique_sources=1296
all_port_unique_targets=1296
non_server_port_99.9th_utilization=49.4510413542
non_server_port_99th_utilization=44.0706626667
non_server_port_mean_utilization=24.0438694016
non_server_port_median_utilization=24.3250489167
non_server_port_num=2376
non_server_port_std_utilization=10.0156941969
non_server_ports_zero_num=0
server_port_99.9th_utilization=51.9094274138
server_port_99th_utilization=46.94304232
server_port_mean_utilization=20.978754073
server_port_median_utilization=32.9312491167
server_port_num=2160
server_port_std_utilization=18.9874868925
server_port_zero_num=960
