all_port_99.9th_utilization=29.735062992
all_port_99th_utilization=27.2506363936
all_port_mean_utilization=12.9094892533
all_port_median_utilization=19.31007808
all_port_num=6144
all_port_std_utilization=10.90276231
all_port_unique_sources=1344
all_port_unique_targets=1344
non_server_port_99.9th_utilization=28.5968651792
non_server_port_99th_utilization=26.867098688
non_server_port_mean_utilization=12.7053399849
non_server_port_median_utilization=18.85219736
non_server_port_num=4096
non_server_port_std_utilization=10.6711956484
non_server_ports_zero_num=1616
server_port_99.9th_utilization=30.2799686726
server_port_99th_utilization=28.2419556152
server_port_mean_utilization=13.3177877899
server_port_median_utilization=20.27019168
server_port_num=2048
server_port_std_utilization=11.3407135266
server_port_zero_num=848
