all_port_99.9th_utilization=46.1437835795
all_port_99th_utilization=42.574808893
all_port_mean_utilization=3.21204061716
all_port_median_utilization=1.079828
all_port_num=4096
all_port_std_utilization=7.15217616811
all_port_unique_sources=1152
all_port_unique_targets=1152
non_server_port_99.9th_utilization=43.8827537523
non_server_port_99th_utilization=27.4354964875
non_server_port_mean_utilization=4.19307941548
non_server_port_median_utilization=2.46892151562
non_server_port_num=2048
non_server_port_std_utilization=5.95345696992
non_server_ports_zero_num=0
server_port_99.9th_utilization=46.4660902885
server_port_99th_utilization=44.2729911436
server_port_mean_utilization=2.23100181885
server_port_median_utilization=0.57327325
server_port_num=2048
server_port_std_utilization=8.05845665988
server_port_zero_num=0
