all_port_99.9th_utilization=44.5016073842
all_port_99th_utilization=42.0038757581
all_port_mean_utilization=13.8171640617
all_port_median_utilization=6.78737924631
all_port_num=4536
all_port_std_utilization=14.1094115503
all_port_unique_sources=1296
all_port_unique_targets=1296
non_server_port_99.9th_utilization=37.8490558067
non_server_port_99th_utilization=33.9158585021
non_server_port_mean_utilization=14.8719538539
non_server_port_median_utilization=17.4444047178
non_server_port_num=2376
non_server_port_std_utilization=9.18501041214
non_server_ports_zero_num=0
server_port_99.9th_utilization=45.0508059828
server_port_99th_utilization=43.0690765807
server_port_mean_utilization=12.6568952903
server_port_median_utilization=0.0
server_port_num=2160
server_port_std_utilization=17.9635079215
server_port_zero_num=1440
