all_port_99.9th_utilization=57.1089069845
all_port_99th_utilization=38.7804704438
all_port_mean_utilization=5.8653561546
all_port_median_utilization=3.45134069646
all_port_num=2048
all_port_std_utilization=8.16951355278
all_port_unique_sources=128
all_port_unique_targets=128
non_server_port_num=0
server_port_99.9th_utilization=57.1089069845
server_port_99th_utilization=38.7804704438
server_port_mean_utilization=5.8653561546
server_port_median_utilization=3.45134069646
server_port_num=2048
server_port_std_utilization=8.16951355278
server_port_zero_num=0
