all_port_99.9th_utilization=42.6905729068
all_port_99th_utilization=39.154148024
all_port_mean_utilization=20.3327177171
all_port_median_utilization=21.06679264
all_port_num=4536
all_port_std_utilization=10.5181713802
all_port_unique_sources=1296
all_port_unique_targets=1296
non_server_port_99.9th_utilization=44.1539347475
non_server_port_99th_utilization=40.58226433
non_server_port_mean_utilization=27.342550341
non_server_port_median_utilization=27.27287568
non_server_port_num=2376
non_server_port_std_utilization=5.72714625879
non_server_ports_zero_num=0
server_port_99.9th_utilization=25.2245475654
server_port_99th_utilization=23.7428014402
server_port_mean_utilization=12.6219018308
server_port_median_utilization=17.41998368
server_port_num=2160
server_port_std_utilization=9.09607696753
server_port_zero_num=720
