all_port_99.9th_utilization=36.9601096602
all_port_99th_utilization=34.21271919
all_port_mean_utilization=1.73959652405
all_port_median_utilization=0.4889284
all_port_num=6144
all_port_std_utilization=5.41083737765
all_port_unique_sources=1344
all_port_unique_targets=1344
non_server_port_99.9th_utilization=36.7523591579
non_server_port_99th_utilization=33.6230076556
non_server_port_mean_utilization=1.71660732112
non_server_port_median_utilization=0.5065561
non_server_port_num=4096
non_server_port_std_utilization=4.80778735894
non_server_ports_zero_num=0
server_port_99.9th_utilization=37.1741072122
server_port_99th_utilization=35.454786988
server_port_mean_utilization=1.7855749299
server_port_median_utilization=0.4586186
server_port_num=2048
server_port_std_utilization=6.44970338727
server_port_zero_num=0
