all_port_99.9th_utilization=31.691659425
all_port_99th_utilization=5.90465327333
all_port_mean_utilization=1.0315700061
all_port_median_utilization=0.643312716667
all_port_num=4536
all_port_std_utilization=2.17800607153
all_port_unique_sources=1296
all_port_unique_targets=1296
non_server_port_99.9th_utilization=32.0342753208
non_server_port_99th_utilization=6.55734095
non_server_port_mean_utilization=1.18316088409
non_server_port_median_utilization=0.6670765
non_server_port_num=2376
non_server_port_std_utilization=2.49295092167
non_server_ports_zero_num=344
server_port_99.9th_utilization=30.1586554284
server_port_99th_utilization=5.15669115133
server_port_mean_utilization=0.864820040309
server_port_median_utilization=0.63861435
server_port_num=2160
server_port_std_utilization=1.75283310318
server_port_zero_num=240
