all_port_99.9th_utilization=67.7484726981
all_port_99th_utilization=49.2493252877
all_port_mean_utilization=7.6289257361
all_port_median_utilization=4.54521954348
all_port_num=2048
all_port_std_utilization=10.3808828628
all_port_unique_sources=128
all_port_unique_targets=128
non_server_port_num=0
server_port_99.9th_utilization=67.7484726981
server_port_99th_utilization=49.2493252877
server_port_mean_utilization=7.6289257361
server_port_median_utilization=4.54521954348
server_port_num=2048
server_port_std_utilization=10.3808828628
server_port_zero_num=0
