all_port_99.9th_utilization=35.9393877722
all_port_99th_utilization=26.5657655842
all_port_mean_utilization=4.77320522246
all_port_median_utilization=1.57192786667
all_port_num=4536
all_port_std_utilization=6.14703181346
all_port_unique_sources=1296
all_port_unique_targets=1296
non_server_port_99.9th_utilization=35.2793909604
non_server_port_99th_utilization=23.2256600667
non_server_port_mean_utilization=5.13471629506
non_server_port_median_utilization=4.72808105
non_server_port_num=2376
non_server_port_std_utilization=4.80992014906
non_server_ports_zero_num=0
server_port_99.9th_utilization=35.7401725044
server_port_99th_utilization=27.6786003925
server_port_mean_utilization=4.37554304261
server_port_median_utilization=0.0
server_port_num=2160
server_port_std_utilization=7.32119120964
server_port_zero_num=1520
