all_port_99.9th_utilization=10.9777298744
all_port_99th_utilization=9.38409487733
all_port_mean_utilization=5.27062969461
all_port_median_utilization=4.99852072
all_port_num=4536
all_port_std_utilization=1.69784685432
all_port_unique_sources=1296
all_port_unique_targets=1296
non_server_port_99.9th_utilization=11.2417145267
non_server_port_99th_utilization=9.82976628
non_server_port_mean_utilization=6.22145561158
non_server_port_median_utilization=6.08002802667
non_server_port_num=2376
non_server_port_std_utilization=1.46556282872
non_server_ports_zero_num=0
server_port_99.9th_utilization=5.88990235776
server_port_99th_utilization=5.5716327488
server_port_mean_utilization=4.22472118594
server_port_median_utilization=4.51278848
server_port_num=2160
server_port_std_utilization=1.26592768544
server_port_zero_num=160
