all_port_99.9th_utilization=15.1157831424
all_port_99th_utilization=14.3308524693
all_port_mean_utilization=4.60749018031
all_port_median_utilization=2.26741552
all_port_num=4536
all_port_std_utilization=4.72508229518
all_port_unique_sources=1296
all_port_unique_targets=1296
non_server_port_99.9th_utilization=12.8976024
non_server_port_99th_utilization=11.7280703733
non_server_port_mean_utilization=4.96039978324
non_server_port_median_utilization=5.69404325333
non_server_port_num=2376
non_server_port_std_utilization=3.1120809207
non_server_ports_zero_num=0
server_port_99.9th_utilization=15.1853264849
server_port_99th_utilization=14.6405780373
server_port_mean_utilization=4.21928961709
server_port_median_utilization=0.0
server_port_num=2160
server_port_std_utilization=5.99534768428
server_port_zero_num=1440
