all_port_99.9th_utilization=31.8285999597
all_port_99th_utilization=5.72562142167
all_port_mean_utilization=1.07860967347
all_port_median_utilization=0.769011766667
all_port_num=4536
all_port_std_utilization=1.96729804118
all_port_unique_sources=1296
all_port_unique_targets=1296
non_server_port_99.9th_utilization=31.9947728
non_server_port_99th_utilization=6.37930944167
non_server_port_mean_utilization=1.27289421
non_server_port_median_utilization=0.918848566667
non_server_port_num=2376
non_server_port_std_utilization=2.12892159044
non_server_ports_zero_num=0
server_port_99.9th_utilization=29.829132688
server_port_99th_utilization=5.09432779733
server_port_mean_utilization=0.864896683287
server_port_median_utilization=0.639182016667
server_port_num=2160
server_port_std_utilization=1.7478035074
server_port_zero_num=240
