all_port_99.9th_utilization=55.4809063005
all_port_99th_utilization=51.1677908376
all_port_mean_utilization=2.60560319026
all_port_median_utilization=0.730601556626
all_port_num=6144
all_port_std_utilization=8.09993861957
all_port_unique_sources=1344
all_port_unique_targets=1344
non_server_port_99.9th_utilization=54.2418618642
non_server_port_99th_utilization=50.3210804394
non_server_port_mean_utilization=2.571149693
non_server_port_median_utilization=0.753773271108
non_server_port_num=4096
non_server_port_std_utilization=7.19464053445
non_server_ports_zero_num=0
server_port_99.9th_utilization=55.645231352
server_port_99th_utilization=52.7832201975
server_port_mean_utilization=2.67451018476
server_port_median_utilization=0.687785529866
server_port_num=2048
server_port_std_utilization=9.65889174914
server_port_zero_num=0
