all_port_99.9th_utilization=17.8096904638
all_port_99th_utilization=13.5082054575
all_port_mean_utilization=2.7494015021
all_port_median_utilization=1.3249085625
all_port_num=4536
all_port_std_utilization=3.22424208714
all_port_unique_sources=1296
all_port_unique_targets=1296
non_server_port_99.9th_utilization=16.8885850156
non_server_port_99th_utilization=12.5002589063
non_server_port_mean_utilization=3.24146573453
non_server_port_median_utilization=2.95801545833
non_server_port_num=2376
non_server_port_std_utilization=2.60429778079
non_server_ports_zero_num=0
server_port_99.9th_utilization=18.7015250043
server_port_99th_utilization=14.021535093
server_port_mean_utilization=2.20813084643
server_port_median_utilization=0.0
server_port_num=2160
server_port_std_utilization=3.71633291028
server_port_zero_num=1520
