all_port_99.9th_utilization=20.2377962357
all_port_99th_utilization=13.0715605625
all_port_mean_utilization=2.74570306037
all_port_median_utilization=1.65781027083
all_port_num=4536
all_port_std_utilization=3.03662116067
all_port_unique_sources=1296
all_port_unique_targets=1296
non_server_port_99.9th_utilization=15.8340611469
non_server_port_99th_utilization=11.9724960188
non_server_port_mean_utilization=3.23543629598
non_server_port_median_utilization=3.009019575
non_server_port_num=2376
non_server_port_std_utilization=2.4738880144
non_server_ports_zero_num=0
server_port_99.9th_utilization=21.3641876718
server_port_99th_utilization=13.3333241421
server_port_mean_utilization=2.20699650119
server_port_median_utilization=0.0
server_port_num=2160
server_port_std_utilization=3.47535344858
server_port_zero_num=1440
