all_port_99.9th_utilization=98.6403641227
all_port_99th_utilization=98.1930859067
all_port_mean_utilization=71.7128817413
all_port_median_utilization=85.1836306667
all_port_num=4536
all_port_std_utilization=24.3762516297
all_port_unique_sources=1296
all_port_unique_targets=1296
non_server_port_99.9th_utilization=98.6971417667
non_server_port_99th_utilization=98.3159969333
non_server_port_mean_utilization=92.7188406362
non_server_port_median_utilization=93.2819965333
non_server_port_num=2376
non_server_port_std_utilization=3.82990224658
non_server_ports_zero_num=0
server_port_99.9th_utilization=68.8554230323
server_port_99th_utilization=64.8839569933
server_port_mean_utilization=48.606326957
server_port_median_utilization=51.9597973333
server_port_num=2160
server_port_std_utilization=14.5739586605
server_port_zero_num=160
