all_port_99.9th_utilization=75.3735188038
all_port_99th_utilization=59.9482922475
all_port_mean_utilization=15.0284677052
all_port_median_utilization=8.54708755
all_port_num=4536
all_port_std_utilization=15.6996480748
all_port_unique_sources=1296
all_port_unique_targets=1296
non_server_port_99.9th_utilization=46.899421375
non_server_port_99th_utilization=42.03412935
non_server_port_mean_utilization=17.6854512913
non_server_port_median_utilization=18.421439475
non_server_port_num=2376
non_server_port_std_utilization=10.6343617565
non_server_ports_zero_num=0
server_port_99.9th_utilization=76.881078351
server_port_99th_utilization=67.5029374965
server_port_mean_utilization=12.1057857606
server_port_median_utilization=0.0
server_port_num=2160
server_port_std_utilization=19.4139020201
server_port_zero_num=1520
