all_port_99.9th_utilization=93.9430957332
all_port_99th_utilization=86.15474858
all_port_mean_utilization=13.3732334352
all_port_median_utilization=13.89458528
all_port_num=4536
all_port_std_utilization=16.1203719966
all_port_unique_sources=1296
all_port_unique_targets=1296
non_server_port_99.9th_utilization=95.097683625
non_server_port_99th_utilization=88.83773206
non_server_port_mean_utilization=14.1954712064
non_server_port_median_utilization=4.60908624
non_server_port_num=2376
non_server_port_std_utilization=21.2407251341
non_server_ports_zero_num=1090
server_port_99.9th_utilization=22.0956718141
server_port_99th_utilization=20.6515778108
server_port_mean_utilization=12.4687718869
server_port_median_utilization=15.27977023
server_port_num=2160
server_port_std_utilization=6.91899184622
server_port_zero_num=480
