all_port_99.9th_utilization=33.5163114527
all_port_99th_utilization=28.0899212929
all_port_mean_utilization=14.0529479398
all_port_median_utilization=12.6342392
all_port_num=4536
all_port_std_utilization=5.27875713044
all_port_unique_sources=1296
all_port_unique_targets=1296
non_server_port_99.9th_utilization=34.1466802833
non_server_port_99th_utilization=29.6561436937
non_server_port_mean_utilization=17.2334258472
non_server_port_median_utilization=16.5735854667
non_server_port_num=2376
non_server_port_std_utilization=4.78143929175
non_server_ports_zero_num=0
server_port_99.9th_utilization=14.7231628161
server_port_99th_utilization=13.929081872
server_port_mean_utilization=10.5544222417
server_port_median_utilization=11.2789401333
server_port_num=2160
server_port_std_utilization=3.16259983964
server_port_zero_num=160
