all_port_99.9th_utilization=71.297709388
all_port_99th_utilization=65.26114276
all_port_mean_utilization=33.4136543616
all_port_median_utilization=37.10356218
all_port_num=4536
all_port_std_utilization=17.7039667354
all_port_unique_sources=1296
all_port_unique_targets=1296
non_server_port_99.9th_utilization=74.094079035
non_server_port_99th_utilization=66.98650608
non_server_port_mean_utilization=40.9780960887
non_server_port_median_utilization=41.86343972
non_server_port_num=2376
non_server_port_std_utilization=13.4819582881
non_server_ports_zero_num=0
server_port_99.9th_utilization=51.1233536374
server_port_99th_utilization=46.3949056196
server_port_mean_utilization=25.0927684617
server_port_median_utilization=34.81563904
server_port_num=2160
server_port_std_utilization=18.0578072388
server_port_zero_num=720
