all_port_99.9th_utilization=93.3349378312
all_port_99th_utilization=78.173038697
all_port_mean_utilization=13.5424711518
all_port_median_utilization=13.18369984
all_port_num=4536
all_port_std_utilization=14.6684305084
all_port_unique_sources=1296
all_port_unique_targets=1296
non_server_port_99.9th_utilization=97.66325187
non_server_port_99th_utilization=82.19882906
non_server_port_mean_utilization=14.5197665626
non_server_port_median_utilization=9.00494064
non_server_port_num=2376
non_server_port_std_utilization=19.689544683
non_server_ports_zero_num=1082
server_port_99.9th_utilization=20.5218537352
server_port_99th_utilization=18.7543793284
server_port_mean_utilization=12.4674461998
server_port_median_utilization=13.69567328
server_port_num=2160
server_port_std_utilization=4.81556955194
server_port_zero_num=240
