all_port_99.9th_utilization=93.5471464051
all_port_99th_utilization=80.621987424
all_port_mean_utilization=20.7651947181
all_port_median_utilization=20.126267904
all_port_num=4536
all_port_std_utilization=22.3307131091
all_port_unique_sources=1296
all_port_unique_targets=1296
non_server_port_99.9th_utilization=96.976706592
non_server_port_99th_utilization=84.807557904
non_server_port_mean_utilization=24.3304138409
non_server_port_median_utilization=23.643075072
non_server_port_num=2376
non_server_port_std_utilization=24.4894916561
non_server_ports_zero_num=952
server_port_99.9th_utilization=46.190565546
server_port_99th_utilization=43.6022730584
server_port_mean_utilization=16.843453683
server_port_median_utilization=0.0
server_port_num=2160
server_port_std_utilization=18.9239776501
server_port_zero_num=1200
