all_port_99.9th_utilization=48.5099633955
all_port_99th_utilization=42.899087633
all_port_mean_utilization=20.3179316898
all_port_median_utilization=25.35521696
all_port_num=4536
all_port_std_utilization=13.4468452771
all_port_unique_sources=1296
all_port_unique_targets=1296
non_server_port_99.9th_utilization=49.53203677
non_server_port_99th_utilization=44.82071944
non_server_port_mean_utilization=27.3189124093
non_server_port_median_utilization=27.59552796
non_server_port_num=2376
non_server_port_std_utilization=7.65057762619
non_server_ports_zero_num=0
server_port_99.9th_utilization=36.3682144372
server_port_99th_utilization=33.8450343552
server_port_mean_utilization=12.6168528985
server_port_median_utilization=0.0
server_port_num=2160
server_port_std_utilization=14.216570265
server_port_zero_num=1200
