all_port_99.9th_utilization=29.762396612
all_port_99th_utilization=5.59005262233
all_port_mean_utilization=0.868605707807
all_port_median_utilization=0.804110933333
all_port_num=6144
all_port_std_utilization=1.80512385768
all_port_unique_sources=1344
all_port_unique_targets=1344
non_server_port_99.9th_utilization=29.305942208
non_server_port_99th_utilization=5.38583383333
non_server_port_mean_utilization=0.846911255111
non_server_port_median_utilization=0.7526893
non_server_port_num=4096
non_server_port_std_utilization=1.7388652843
non_server_ports_zero_num=1632
server_port_99.9th_utilization=31.0317448429
server_port_99th_utilization=5.78261642567
server_port_mean_utilization=0.9119946132
server_port_median_utilization=0.89488435
server_port_num=2048
server_port_std_utilization=1.93010040547
server_port_zero_num=864
