all_port_99.9th_utilization=29.9025116142
all_port_99th_utilization=5.28296169833
all_port_mean_utilization=0.932346039095
all_port_median_utilization=0.667053733333
all_port_num=4536
all_port_std_utilization=1.87717257361
all_port_unique_sources=1296
all_port_unique_targets=1296
non_server_port_99.9th_utilization=29.9474275875
non_server_port_99th_utilization=5.44008564167
non_server_port_mean_utilization=0.993745852497
non_server_port_median_utilization=0.688961233333
non_server_port_num=2376
non_server_port_std_utilization=1.98826075067
non_server_ports_zero_num=0
server_port_99.9th_utilization=29.567403962
server_port_99th_utilization=5.09432779733
server_port_mean_utilization=0.864806244352
server_port_median_utilization=0.639182016667
server_port_num=2160
server_port_std_utilization=1.74434055757
server_port_zero_num=240
