all_port_99.9th_utilization=37.963514215
all_port_99th_utilization=20.8350060068
all_port_mean_utilization=1.26557581767
all_port_median_utilization=0.269335314286
all_port_num=4096
all_port_std_utilization=3.88178788714
all_port_unique_sources=1152
all_port_unique_targets=1152
non_server_port_99.9th_utilization=23.4554211589
non_server_port_99th_utilization=18.4482256589
non_server_port_mean_utilization=1.64533091861
non_server_port_median_utilization=0.715262885714
non_server_port_num=2048
non_server_port_std_utilization=3.19202202157
non_server_ports_zero_num=0
server_port_99.9th_utilization=38.7856560949
server_port_99th_utilization=27.9515094629
server_port_mean_utilization=0.885820716727
server_port_median_utilization=0.0678526285714
server_port_num=2048
server_port_std_utilization=4.43386083926
server_port_zero_num=112
