all_port_99.9th_utilization=85.8033942111
all_port_99th_utilization=79.0957901378
all_port_mean_utilization=8.14419681144
all_port_median_utilization=1.47865251865
all_port_num=11270
all_port_std_utilization=16.4678949637
all_port_unique_sources=3864
all_port_unique_targets=3864
non_server_port_99.9th_utilization=84.0464684019
non_server_port_99th_utilization=77.2764225564
non_server_port_mean_utilization=15.508407132
non_server_port_median_utilization=10.2662219462
non_server_port_num=4186
non_server_port_std_utilization=17.0877184911
non_server_ports_zero_num=0
server_port_99.9th_utilization=86.8474821073
server_port_99th_utilization=80.2888023184
server_port_mean_utilization=3.79261798565
server_port_median_utilization=0.868143268143
server_port_num=7084
server_port_std_utilization=14.4194080027
server_port_zero_num=0
