all_port_99.9th_utilization=49.5949105651
all_port_99th_utilization=46.2423121863
all_port_mean_utilization=27.0950387139
all_port_median_utilization=32.2588917239
all_port_num=4536
all_port_std_utilization=14.2683271136
all_port_unique_sources=1296
all_port_unique_targets=1296
non_server_port_99.9th_utilization=49.6252181602
non_server_port_99th_utilization=46.3746181746
non_server_port_mean_utilization=28.7782498197
non_server_port_median_utilization=28.7304114504
non_server_port_num=2376
non_server_port_std_utilization=9.22488433776
non_server_ports_zero_num=0
server_port_99.9th_utilization=49.3258526924
server_port_99th_utilization=45.9473061734
server_port_mean_utilization=25.2435064977
server_port_median_utilization=35.2778780829
server_port_num=2160
server_port_std_utilization=18.0935292803
server_port_zero_num=720
