all_port_99.9th_utilization=38.4504064971
all_port_99th_utilization=34.553675129
all_port_mean_utilization=15.5038623664
all_port_median_utilization=18.39472358
all_port_num=4536
all_port_std_utilization=11.8381315329
all_port_unique_sources=1296
all_port_unique_targets=1296
non_server_port_99.9th_utilization=38.84950436
non_server_port_99th_utilization=35.18729264
non_server_port_mean_utilization=18.1205561406
non_server_port_median_utilization=19.16064912
non_server_port_num=2376
non_server_port_std_utilization=8.31715604929
non_server_ports_zero_num=0
server_port_99.9th_utilization=36.3756794589
server_port_99th_utilization=33.9150828544
server_port_mean_utilization=12.6254992148
server_port_median_utilization=0.0
server_port_num=2160
server_port_std_utilization=14.2262957092
server_port_zero_num=1200
