all_port_99.9th_utilization=80.7340075928
all_port_99th_utilization=78.154718944
all_port_mean_utilization=51.4200043554
all_port_median_utilization=57.4832481333
all_port_num=4536
all_port_std_utilization=19.8565538478
all_port_unique_sources=1296
all_port_unique_targets=1296
non_server_port_99.9th_utilization=80.919118
non_server_port_99th_utilization=79.30703968
non_server_port_mean_utilization=67.9727531516
non_server_port_median_utilization=68.6352761867
non_server_port_num=2376
non_server_port_std_utilization=5.80289541998
non_server_ports_zero_num=0
server_port_99.9th_utilization=54.3723723401
server_port_99th_utilization=48.4075940795
server_port_mean_utilization=33.2119806796
server_port_median_utilization=36.49273688
server_port_num=2160
server_port_std_utilization=12.5709113255
server_port_zero_num=240
