all_port_99.9th_utilization=31.9452377108
all_port_99th_utilization=6.59771493833
all_port_mean_utilization=1.21662932684
all_port_median_utilization=0.87031445
all_port_num=4536
all_port_std_utilization=2.14117224321
all_port_unique_sources=1296
all_port_unique_targets=1296
non_server_port_99.9th_utilization=32.0720231
non_server_port_99th_utilization=8.63953433333
non_server_port_mean_utilization=1.53675222158
non_server_port_median_utilization=1.07187563333
non_server_port_num=2376
non_server_port_std_utilization=2.37945827329
non_server_ports_zero_num=0
server_port_99.9th_utilization=29.7596322796
server_port_99th_utilization=5.410322539
server_port_mean_utilization=0.864494142639
server_port_median_utilization=0.700635066667
server_port_num=2160
server_port_std_utilization=1.77847390858
server_port_zero_num=480
