all_port_99.9th_utilization=17.8066670316
all_port_99th_utilization=13.7918560046
all_port_mean_utilization=3.13095147087
all_port_median_utilization=2.06365932083
all_port_num=4536
all_port_std_utilization=3.38096321412
all_port_unique_sources=1296
all_port_unique_targets=1296
non_server_port_99.9th_utilization=16.7167382396
non_server_port_99th_utilization=13.2698276375
non_server_port_mean_utilization=3.97053470317
non_server_port_median_utilization=3.48654734167
non_server_port_num=2376
non_server_port_std_utilization=2.79155022994
non_server_ports_zero_num=0
server_port_99.9th_utilization=18.7015250043
server_port_99th_utilization=14.0192705161
server_port_mean_utilization=2.20740991534
server_port_median_utilization=0.0
server_port_num=2160
server_port_std_utilization=3.71545000934
server_port_zero_num=1520
