all_port_99.9th_utilization=32.3947298754
all_port_99th_utilization=26.6000054017
all_port_mean_utilization=5.43952641333
all_port_median_utilization=2.67549789167
all_port_num=4536
all_port_std_utilization=6.25335678471
all_port_unique_sources=1296
all_port_unique_targets=1296
non_server_port_99.9th_utilization=29.1094582333
non_server_port_99th_utilization=22.9694154083
non_server_port_mean_utilization=6.4121829634
non_server_port_median_utilization=5.97170215
non_server_port_num=2376
non_server_port_std_utilization=4.91347229783
non_server_ports_zero_num=0
server_port_99.9th_utilization=35.550781533
server_port_99th_utilization=27.6495408242
server_port_mean_utilization=4.36960420826
server_port_median_utilization=0.0
server_port_num=2160
server_port_std_utilization=7.30599465315
server_port_zero_num=1520
