all_port_99.9th_utilization=35.5364554028
all_port_99th_utilization=25.3514774967
all_port_mean_utilization=5.44688509899
all_port_median_utilization=3.341545875
all_port_num=4536
all_port_std_utilization=5.92185950808
all_port_unique_sources=1296
all_port_unique_targets=1296
non_server_port_99.9th_utilization=29.2013246792
non_server_port_99th_utilization=23.3860486167
non_server_port_mean_utilization=6.42051555437
non_server_port_median_utilization=6.04454219167
non_server_port_num=2376
non_server_port_std_utilization=4.72795108244
non_server_ports_zero_num=0
server_port_99.9th_utilization=39.6711211771
server_port_99th_utilization=26.5409707943
server_port_mean_utilization=4.37589159808
server_port_median_utilization=0.0
server_port_num=2160
server_port_std_utilization=6.84580378915
server_port_zero_num=1440
