all_port_99.9th_utilization=91.881303193
all_port_99th_utilization=84.3965515563
all_port_mean_utilization=4.9978739559
all_port_median_utilization=1.3041765
all_port_num=4096
all_port_std_utilization=14.6649889127
all_port_unique_sources=1152
all_port_unique_targets=1152
non_server_port_99.9th_utilization=92.0533243843
non_server_port_99th_utilization=78.9177949253
non_server_port_mean_utilization=5.63171462704
non_server_port_median_utilization=1.61490525
non_server_port_num=2048
non_server_port_std_utilization=13.566937101
non_server_ports_zero_num=0
server_port_99.9th_utilization=89.4174677643
server_port_99th_utilization=85.3872848362
server_port_mean_utilization=4.36403328476
server_port_median_utilization=1.1391865
server_port_num=2048
server_port_std_utilization=15.6607314427
server_port_zero_num=0
