all_port_99.9th_utilization=34.9887097478
all_port_99th_utilization=13.0128388533
all_port_mean_utilization=1.07892812039
all_port_median_utilization=0.0
all_port_num=4536
all_port_std_utilization=3.09706821013
all_port_unique_sources=1296
all_port_unique_targets=1296
non_server_port_99.9th_utilization=33.8845587042
non_server_port_99th_utilization=9.67763734167
non_server_port_mean_utilization=1.27922358172
non_server_port_median_utilization=0.42202485
non_server_port_num=2376
non_server_port_std_utilization=2.74180168039
non_server_ports_zero_num=434
server_port_99.9th_utilization=38.7457621998
server_port_99th_utilization=13.872143353
server_port_mean_utilization=0.858603112917
server_port_median_utilization=0.0
server_port_num=2160
server_port_std_utilization=3.4323386835
server_port_zero_num=2000
