all_port_99.9th_utilization=79.5264323808
all_port_99th_utilization=75.3432344497
all_port_mean_utilization=3.85207513451
all_port_median_utilization=1.1332790334
all_port_num=4096
all_port_std_utilization=10.7640083315
all_port_unique_sources=320
all_port_unique_targets=320
non_server_port_99.9th_utilization=20.5239066782
non_server_port_99th_utilization=17.6771190451
non_server_port_mean_utilization=3.69741043399
non_server_port_median_utilization=1.24723846595
non_server_port_num=2048
non_server_port_std_utilization=4.80849435727
non_server_ports_zero_num=0
server_port_99.9th_utilization=80.2759977312
server_port_99th_utilization=77.2173073879
server_port_mean_utilization=4.00673983503
server_port_median_utilization=1.02362137047
server_port_num=2048
server_port_std_utilization=14.4415473685
server_port_zero_num=0
