all_port_99.9th_utilization=88.0596420766
all_port_99th_utilization=83.767180824
all_port_mean_utilization=38.9173725361
all_port_median_utilization=42.97040714
all_port_num=4536
all_port_std_utilization=29.4756941769
all_port_unique_sources=1296
all_port_unique_targets=1296
non_server_port_99.9th_utilization=79.32081344
non_server_port_99th_utilization=77.1172076
non_server_port_mean_utilization=51.7664796429
non_server_port_median_utilization=55.34637082
non_server_port_num=2376
non_server_port_std_utilization=13.6003157546
non_server_ports_zero_num=0
server_port_99.9th_utilization=88.5521422829
server_port_99th_utilization=85.7534923136
server_port_mean_utilization=24.7833547187
server_port_median_utilization=0.0
server_port_num=2160
server_port_std_utilization=35.2089382573
server_port_zero_num=1440
