all_port_99.9th_utilization=40.4087848415
all_port_99th_utilization=38.7785025395
all_port_mean_utilization=4.56013735158
all_port_median_utilization=2.38737669218
all_port_num=4536
all_port_std_utilization=8.0209759389
all_port_unique_sources=1296
all_port_unique_targets=1296
non_server_port_99.9th_utilization=22.7290285953
non_server_port_99th_utilization=20.9143711368
non_server_port_mean_utilization=6.14861064888
non_server_port_median_utilization=4.49562617886
non_server_port_num=2376
non_server_port_std_utilization=5.24251440174
non_server_ports_zero_num=0
server_port_99.9th_utilization=40.8213526789
server_port_99th_utilization=39.4444092808
server_port_mean_utilization=2.81281672456
server_port_median_utilization=0.0
server_port_num=2160
server_port_std_utilization=9.95211841855
server_port_zero_num=2000
