all_port_99.9th_utilization=34.0109911725
all_port_99th_utilization=13.886836055
all_port_mean_utilization=1.25190870655
all_port_median_utilization=0.161704633333
all_port_num=4536
all_port_std_utilization=3.23699226145
all_port_unique_sources=1296
all_port_unique_targets=1296
non_server_port_99.9th_utilization=28.8719020917
non_server_port_99th_utilization=14.0138521
non_server_port_mean_utilization=1.60810661681
non_server_port_median_utilization=0.490496366667
non_server_port_num=2376
non_server_port_std_utilization=3.03664844235
non_server_ports_zero_num=0
server_port_99.9th_utilization=37.7910949606
server_port_99th_utilization=13.782714648
server_port_mean_utilization=0.860091005262
server_port_median_utilization=0.0
server_port_num=2160
server_port_std_utilization=3.40111846241
server_port_zero_num=2000
