all_port_99.9th_utilization=25.9623153214
all_port_99th_utilization=13.2752309371
all_port_mean_utilization=0.586339712862
all_port_median_utilization=0.067303
all_port_num=2048
all_port_std_utilization=2.46889011199
all_port_unique_sources=128
all_port_unique_targets=128
non_server_port_num=0
server_port_99.9th_utilization=25.9623153214
server_port_99th_utilization=13.2752309371
server_port_mean_utilization=0.586339712862
server_port_median_utilization=0.067303
server_port_num=2048
server_port_std_utilization=2.46889011199
server_port_zero_num=13
