all_port_99.9th_utilization=9.2905944857
all_port_99th_utilization=8.599339849
all_port_mean_utilization=0.435364516171
all_port_median_utilization=0.1223686
all_port_num=6144
all_port_std_utilization=1.35472558753
all_port_unique_sources=1344
all_port_unique_targets=1344
non_server_port_99.9th_utilization=9.14404728458
non_server_port_99th_utilization=8.40550031156
non_server_port_mean_utilization=0.429600895981
non_server_port_median_utilization=0.12718845
non_server_port_num=4096
non_server_port_std_utilization=1.20391299594
non_server_ports_zero_num=0
server_port_99.9th_utilization=9.2936856953
server_port_99th_utilization=8.873796676
server_port_mean_utilization=0.446891756551
server_port_median_utilization=0.11465465
server_port_num=2048
server_port_std_utilization=1.61456865231
server_port_zero_num=0
