all_port_99.9th_utilization=67.9296410676
all_port_99th_utilization=35.051849488
all_port_mean_utilization=10.5083795916
all_port_median_utilization=9.520124
all_port_num=4536
all_port_std_utilization=5.73615910541
all_port_unique_sources=1296
all_port_unique_targets=1296
non_server_port_99.9th_utilization=41.9523071175
non_server_port_99th_utilization=35.47697267
non_server_port_mean_utilization=12.381337493
non_server_port_median_utilization=11.43302408
non_server_port_num=2376
non_server_port_std_utilization=4.52643803799
non_server_ports_zero_num=0
server_port_99.9th_utilization=68.2693575524
server_port_99th_utilization=24.7832935268
server_port_mean_utilization=8.44812590019
server_port_median_utilization=7.01468848
server_port_num=2160
server_port_std_utilization=6.20132853082
server_port_zero_num=0
