all_port_99.9th_utilization=99.3907445376
all_port_99th_utilization=98.596839492
all_port_mean_utilization=11.6677914478
all_port_median_utilization=6.28834784
all_port_num=4536
all_port_std_utilization=20.8385811465
all_port_unique_sources=1296
all_port_unique_targets=1296
non_server_port_99.9th_utilization=69.52688319
non_server_port_99th_utilization=59.7561253
non_server_port_mean_utilization=15.6687754779
non_server_port_median_utilization=11.00777904
non_server_port_num=2376
non_server_port_std_utilization=13.9750216971
non_server_ports_zero_num=0
server_port_99.9th_utilization=99.4655290402
server_port_99th_utilization=99.0165151224
server_port_mean_utilization=7.26670901473
server_port_median_utilization=0.0
server_port_num=2160
server_port_std_utilization=25.6925676631
server_port_zero_num=2000
