all_port_99.9th_utilization=31.8538765466
all_port_99th_utilization=26.7649714175
all_port_mean_utilization=3.92801187615
all_port_median_utilization=3.4618838625
all_port_num=4536
all_port_std_utilization=4.11828940997
all_port_unique_sources=1296
all_port_unique_targets=1296
non_server_port_99.9th_utilization=32.9610903594
non_server_port_99th_utilization=26.3189620625
non_server_port_mean_utilization=4.46327240742
non_server_port_median_utilization=3.54647025
non_server_port_num=2376
non_server_port_std_utilization=4.12528245434
non_server_ports_zero_num=0
server_port_99.9th_utilization=29.2380801564
server_port_99th_utilization=26.7811319055
server_port_mean_utilization=3.33922529176
server_port_median_utilization=3.3815972125
server_port_num=2160
server_port_std_utilization=4.02927678028
server_port_zero_num=720
