all_port_99.9th_utilization=36.0986600378
all_port_99th_utilization=24.9409012483
all_port_mean_utilization=4.76211328257
all_port_median_utilization=2.100032325
all_port_num=4536
all_port_std_utilization=5.71164966651
all_port_unique_sources=1296
all_port_unique_targets=1296
non_server_port_99.9th_utilization=30.116029875
non_server_port_99th_utilization=22.099439275
non_server_port_mean_utilization=5.10853726884
non_server_port_median_utilization=4.85584749167
non_server_port_num=2376
non_server_port_std_utilization=4.38707093822
non_server_ports_zero_num=0
server_port_99.9th_utilization=40.9143869463
server_port_99th_utilization=26.5602420312
server_port_mean_utilization=4.38104689768
server_port_median_utilization=0.0
server_port_num=2160
server_port_std_utilization=6.86002371226
server_port_zero_num=1440
