all_port_99.9th_utilization=47.4025607949
all_port_99th_utilization=44.9209335625
all_port_mean_utilization=25.9248626218
all_port_median_utilization=34.7899247899
all_port_num=6144
all_port_std_utilization=16.945033304
all_port_unique_sources=1344
all_port_unique_targets=1344
non_server_port_99.9th_utilization=46.4515775613
non_server_port_99th_utilization=44.462028398
non_server_port_mean_utilization=25.5799590757
non_server_port_median_utilization=34.3195097245
non_server_port_num=4096
non_server_port_std_utilization=16.6247007644
non_server_ports_zero_num=1120
server_port_99.9th_utilization=48.9055613304
server_port_99th_utilization=45.2533487398
server_port_mean_utilization=26.6146697141
server_port_median_utilization=35.8932154632
server_port_num=2048
server_port_std_utilization=17.5478591079
server_port_zero_num=608
