all_port_99.9th_utilization=31.1348325897
all_port_99th_utilization=6.71604063667
all_port_mean_utilization=1.01459089793
all_port_median_utilization=0.494711266667
all_port_num=4536
all_port_std_utilization=2.10417056107
all_port_unique_sources=1296
all_port_unique_targets=1296
non_server_port_99.9th_utilization=30.9588296208
non_server_port_99th_utilization=7.10046809167
non_server_port_mean_utilization=1.15115948824
non_server_port_median_utilization=0.896930616667
non_server_port_num=2376
non_server_port_std_utilization=2.09501843499
non_server_ports_zero_num=0
server_port_99.9th_utilization=30.8246263012
server_port_99th_utilization=6.45993718467
server_port_mean_utilization=0.86436544858
server_port_median_utilization=0.0
server_port_num=2160
server_port_std_utilization=2.10397828991
server_port_zero_num=1440
