all_port_99.9th_utilization=34.0184078223
all_port_99th_utilization=10.5544318833
all_port_mean_utilization=1.24767639755
all_port_median_utilization=0.3296625
all_port_num=4536
all_port_std_utilization=2.90370981009
all_port_unique_sources=1296
all_port_unique_targets=1296
non_server_port_99.9th_utilization=32.7310062333
non_server_port_99th_utilization=10.5247130833
non_server_port_mean_utilization=1.60029355537
non_server_port_median_utilization=0.6796397
non_server_port_num=2376
non_server_port_std_utilization=2.86060520222
non_server_ports_zero_num=0
server_port_99.9th_utilization=34.4095086511
server_port_99th_utilization=10.5507232193
server_port_mean_utilization=0.859797523951
server_port_median_utilization=0.0
server_port_num=2160
server_port_std_utilization=2.90131406206
server_port_zero_num=1920
