all_port_99.9th_utilization=53.9836143107
all_port_99th_utilization=33.6649988
all_port_mean_utilization=3.92320835373
all_port_median_utilization=0.6930346375
all_port_num=4536
all_port_std_utilization=7.87664324145
all_port_unique_sources=1296
all_port_unique_targets=1296
non_server_port_99.9th_utilization=33.2864530063
non_server_port_99th_utilization=23.6811498687
non_server_port_mean_utilization=4.52885940054
non_server_port_median_utilization=1.7328444875
non_server_port_num=2376
non_server_port_std_utilization=5.78730289788
non_server_ports_zero_num=2
server_port_99.9th_utilization=58.6676813201
server_port_99th_utilization=43.6094434552
server_port_mean_utilization=3.25699220225
server_port_median_utilization=0.0
server_port_num=2160
server_port_std_utilization=9.62276818783
server_port_zero_num=1920
