all_port_99.9th_utilization=96.3424652305
all_port_99th_utilization=92.3605968906
all_port_mean_utilization=5.77350772423
all_port_median_utilization=1.6314784375
all_port_num=4096
all_port_std_utilization=16.1200567327
all_port_unique_sources=1152
all_port_unique_targets=1152
non_server_port_99.9th_utilization=97.0854340013
non_server_port_99th_utilization=84.3533889578
non_server_port_mean_utilization=6.57435736816
non_server_port_median_utilization=2.0667534375
non_server_port_num=2048
non_server_port_std_utilization=14.8243868074
non_server_ports_zero_num=0
server_port_99.9th_utilization=95.5765682867
server_port_99th_utilization=93.7867823047
server_port_mean_utilization=4.97265808029
server_port_median_utilization=1.39862
server_port_num=2048
server_port_std_utilization=17.2819933344
server_port_zero_num=0
