all_port_99.9th_utilization=30.3208625173
all_port_99th_utilization=28.9308036053
all_port_mean_utilization=10.4991656113
all_port_median_utilization=6.87159306667
all_port_num=4536
all_port_std_utilization=9.75802327366
all_port_unique_sources=1296
all_port_unique_targets=1296
non_server_port_99.9th_utilization=29.650466065
non_server_port_99th_utilization=26.97304192
non_server_port_mean_utilization=12.3816126825
non_server_port_median_utilization=13.7514141867
non_server_port_num=2376
non_server_port_std_utilization=6.62916219876
non_server_ports_zero_num=0
server_port_99.9th_utilization=30.3603630321
server_port_99th_utilization=29.2693684437
server_port_mean_utilization=8.42847383295
server_port_median_utilization=0.0
server_port_num=2160
server_port_std_utilization=11.9763865804
server_port_zero_num=1440
