all_port_99.9th_utilization=67.2273630557
all_port_99th_utilization=54.5699862295
all_port_mean_utilization=4.93233618067
all_port_median_utilization=2.25946872124
all_port_num=2048
all_port_std_utilization=9.38966939167
all_port_unique_sources=128
all_port_unique_targets=128
non_server_port_num=0
server_port_99.9th_utilization=67.2273630557
server_port_99th_utilization=54.5699862295
server_port_mean_utilization=4.93233618067
server_port_median_utilization=2.25946872124
server_port_num=2048
server_port_std_utilization=9.38966939167
server_port_zero_num=0
