all_port_99.9th_utilization=72.4344693772
all_port_99th_utilization=54.4628534728
all_port_mean_utilization=8.4690525937
all_port_median_utilization=5.11325954687
all_port_num=2048
all_port_std_utilization=11.4535996373
all_port_unique_sources=128
all_port_unique_targets=128
non_server_port_num=0
server_port_99.9th_utilization=72.4344693772
server_port_99th_utilization=54.4628534728
server_port_mean_utilization=8.4690525937
server_port_median_utilization=5.11325954687
server_port_num=2048
server_port_std_utilization=11.4535996373
server_port_zero_num=0
