all_port_99.9th_utilization=44.5889802216
all_port_99th_utilization=41.5623320785
all_port_mean_utilization=13.6025257233
all_port_median_utilization=11.51238888
all_port_num=4536
all_port_std_utilization=13.3905113055
all_port_unique_sources=1296
all_port_unique_targets=1296
non_server_port_99.9th_utilization=44.66488326
non_server_port_99th_utilization=39.485733185
non_server_port_mean_utilization=18.2931181544
non_server_port_median_utilization=14.69634419
non_server_port_num=2376
non_server_port_std_utilization=8.26361517042
non_server_ports_zero_num=0
server_port_99.9th_utilization=44.4318027145
server_port_99th_utilization=41.9039988242
server_port_mean_utilization=8.44287404899
server_port_median_utilization=0.0
server_port_num=2160
server_port_std_utilization=15.8304222181
server_port_zero_num=1680
