all_port_99.9th_utilization=97.540982648
all_port_99th_utilization=96.29517552
all_port_mean_utilization=48.9405818046
all_port_median_utilization=53.7451850667
all_port_num=4536
all_port_std_utilization=36.8055234342
all_port_unique_sources=1296
all_port_unique_targets=1296
non_server_port_99.9th_utilization=96.3507005
non_server_port_99th_utilization=94.7854688667
non_server_port_mean_utilization=65.5412033609
non_server_port_median_utilization=70.8950954667
non_server_port_num=2376
non_server_port_std_utilization=17.1136600214
non_server_ports_zero_num=0
server_port_99.9th_utilization=97.9346341741
server_port_99th_utilization=96.774708376
server_port_mean_utilization=30.6798980926
server_port_median_utilization=0.0
server_port_num=2160
server_port_std_utilization=43.4281176372
server_port_zero_num=1440
