all_port_99.9th_utilization=26.116434816
all_port_99th_utilization=23.916498752
all_port_mean_utilization=13.5635633582
all_port_median_utilization=15.9705032
all_port_num=4536
all_port_std_utilization=7.27489675308
all_port_unique_sources=1296
all_port_unique_targets=1296
non_server_port_99.9th_utilization=26.2553552475
non_server_port_99th_utilization=24.67516512
non_server_port_mean_utilization=14.4077135592
non_server_port_median_utilization=14.34114656
non_server_port_num=2376
non_server_port_std_utilization=4.93746507435
non_server_ports_zero_num=0
server_port_99.9th_utilization=25.5760299642
server_port_99th_utilization=23.4120139552
server_port_mean_utilization=12.6349981371
server_port_median_utilization=17.5385472
server_port_num=2160
server_port_std_utilization=9.09275307201
server_port_zero_num=720
