all_port_99.9th_utilization=31.8675570998
all_port_99th_utilization=7.81324584833
all_port_mean_utilization=1.22793109448
all_port_median_utilization=0.8438408
all_port_num=4536
all_port_std_utilization=2.26316734801
all_port_unique_sources=1296
all_port_unique_targets=1296
non_server_port_99.9th_utilization=32.2799872083
non_server_port_99th_utilization=11.4770650833
non_server_port_mean_utilization=1.5586496091
non_server_port_median_utilization=0.975530633333
non_server_port_num=2376
non_server_port_std_utilization=2.55887637384
non_server_ports_zero_num=0
server_port_99.9th_utilization=29.6850206942
server_port_99th_utilization=5.26886120267
server_port_mean_utilization=0.864140728395
server_port_median_utilization=0.7768511
server_port_num=2160
server_port_std_utilization=1.81679849418
server_port_zero_num=720
