all_port_99.9th_utilization=18.7910069648
all_port_99th_utilization=16.23308728
all_port_mean_utilization=5.67540060356
all_port_median_utilization=4.33304058667
all_port_num=4536
all_port_std_utilization=5.2436480465
all_port_unique_sources=1296
all_port_unique_targets=1296
non_server_port_99.9th_utilization=19.1171145792
non_server_port_99th_utilization=17.2962873867
non_server_port_mean_utilization=6.99969198494
non_server_port_median_utilization=7.46781125333
non_server_port_num=2376
non_server_port_std_utilization=4.0176698796
non_server_ports_zero_num=0
server_port_99.9th_utilization=15.1822585842
server_port_99th_utilization=14.6405780373
server_port_mean_utilization=4.21868008403
server_port_median_utilization=0.0
server_port_num=2160
server_port_std_utilization=5.99452072029
server_port_zero_num=1440
