all_port_99.9th_utilization=64.577049027
all_port_99th_utilization=58.8542308566
all_port_mean_utilization=4.48089389513
all_port_median_utilization=1.54026394367
all_port_num=4096
all_port_std_utilization=9.92866228463
all_port_unique_sources=1152
all_port_unique_targets=1152
non_server_port_99.9th_utilization=57.7399140864
non_server_port_99th_utilization=37.9418859237
non_server_port_mean_utilization=5.84517941412
non_server_port_median_utilization=3.45508639529
non_server_port_num=2048
non_server_port_std_utilization=8.17563408499
non_server_ports_zero_num=0
server_port_99.9th_utilization=64.9922839554
server_port_99th_utilization=61.2685801266
server_port_mean_utilization=3.11660837614
server_port_median_utilization=0.802186099317
server_port_num=2048
server_port_std_utilization=11.2513611122
server_port_zero_num=0
