all_port_99.9th_utilization=99.6653498219
all_port_99th_utilization=98.6882182688
all_port_mean_utilization=29.6011240879
all_port_median_utilization=27.222176512
all_port_num=4536
all_port_std_utilization=27.6119504538
all_port_unique_sources=1296
all_port_unique_targets=1296
non_server_port_99.9th_utilization=99.735203556
non_server_port_99th_utilization=99.106287232
non_server_port_mean_utilization=32.2233877687
non_server_port_median_utilization=17.947479792
non_server_port_num=2376
non_server_port_std_utilization=35.9204268
non_server_ports_zero_num=1082
server_port_99.9th_utilization=48.432156157
server_port_99th_utilization=45.3384394653
server_port_mean_utilization=26.7166340391
server_port_median_utilization=30.455740512
server_port_num=2160
server_port_std_utilization=12.8799321636
server_port_zero_num=240
