all_port_99.9th_utilization=66.7171753652
all_port_99th_utilization=52.249551976
all_port_mean_utilization=3.08542581706
all_port_median_utilization=0.776516735323
all_port_num=4096
all_port_std_utilization=9.27972438975
all_port_unique_sources=1152
all_port_unique_targets=1152
non_server_port_99.9th_utilization=71.961962153
non_server_port_99th_utilization=50.4533552283
non_server_port_mean_utilization=3.49607660161
non_server_port_median_utilization=0.951875544922
non_server_port_num=2048
non_server_port_std_utilization=8.86441655484
non_server_ports_zero_num=0
server_port_99.9th_utilization=55.7573291208
server_port_99th_utilization=52.7870642505
server_port_mean_utilization=2.67477503252
server_port_median_utilization=0.687928329955
server_port_num=2048
server_port_std_utilization=9.65978366777
server_port_zero_num=0
