all_port_99.9th_utilization=40.3507645951
all_port_99th_utilization=38.6853034656
all_port_mean_utilization=3.35454673027
all_port_median_utilization=0.0
all_port_num=4536
all_port_std_utilization=8.09464225081
all_port_unique_sources=1296
all_port_unique_targets=1296
non_server_port_99.9th_utilization=24.8646590233
non_server_port_99th_utilization=22.3622530941
non_server_port_mean_utilization=3.84248094951
non_server_port_median_utilization=1.82459654409
non_server_port_num=2376
non_server_port_std_utilization=5.85367018333
non_server_ports_zero_num=548
server_port_99.9th_utilization=40.5478023555
server_port_99th_utilization=39.2343424979
server_port_mean_utilization=2.81781908909
server_port_median_utilization=0.0
server_port_num=2160
server_port_std_utilization=9.96778938552
server_port_zero_num=2000
