all_port_99.9th_utilization=39.3730342472
all_port_99th_utilization=37.9184789473
all_port_mean_utilization=2.275558921
all_port_median_utilization=0.447110408959
all_port_num=4536
all_port_std_utilization=5.93120582876
all_port_unique_sources=1296
all_port_unique_targets=1296
non_server_port_99.9th_utilization=22.4641164427
non_server_port_99th_utilization=19.5491613172
non_server_port_mean_utilization=3.06322144938
non_server_port_median_utilization=1.964363297
non_server_port_num=2376
non_server_port_std_utilization=4.34736921051
non_server_ports_zero_num=4
server_port_99.9th_utilization=39.6512666642
server_port_99th_utilization=38.481841324
server_port_mean_utilization=1.40913013979
server_port_median_utilization=0.0
server_port_num=2160
server_port_std_utilization=7.18704335242
server_port_zero_num=2080
