all_port_99.9th_utilization=60.9277583403
all_port_99th_utilization=54.3456860086
all_port_mean_utilization=5.51167928438
all_port_median_utilization=0.98603808
all_port_num=11270
all_port_std_utilization=11.2429734736
all_port_unique_sources=3864
all_port_unique_targets=3864
non_server_port_99.9th_utilization=67.109168268
non_server_port_99th_utilization=55.630288709
non_server_port_mean_utilization=10.5197689682
non_server_port_median_utilization=6.94452544
non_server_port_num=4186
non_server_port_std_utilization=11.8530623613
non_server_ports_zero_num=0
server_port_99.9th_utilization=58.5680799297
server_port_99th_utilization=53.9284582912
server_port_mean_utilization=2.55235356214
server_port_median_utilization=0.58122528
server_port_num=7084
server_port_std_utilization=9.72111058311
server_port_zero_num=0
