all_port_99.9th_utilization=99.9102515057
all_port_99th_utilization=53.449283832
all_port_mean_utilization=2.14430730545
all_port_median_utilization=0.2749816
all_port_num=4536
all_port_std_utilization=9.53319464159
all_port_unique_sources=1296
all_port_unique_targets=1296
non_server_port_99.9th_utilization=99.5860016875
non_server_port_99th_utilization=54.94426554
non_server_port_mean_utilization=2.59261581194
non_server_port_median_utilization=0.41582648
non_server_port_num=2376
non_server_port_std_utilization=9.32809890489
non_server_ports_zero_num=3
server_port_99.9th_utilization=99.9087909741
server_port_99th_utilization=25.2406759819
server_port_mean_utilization=1.65116794831
server_port_median_utilization=0.17672864
server_port_num=2160
server_port_std_utilization=9.7299919355
server_port_zero_num=0
