all_port_99.9th_utilization=29.905159247
all_port_99th_utilization=7.81855763833
all_port_mean_utilization=1.22409367803
all_port_median_utilization=0.904088016667
all_port_num=4536
all_port_std_utilization=2.15730413283
all_port_unique_sources=1296
all_port_unique_targets=1296
non_server_port_99.9th_utilization=27.3591581833
non_server_port_99th_utilization=10.8103388833
non_server_port_mean_utilization=1.55102396024
non_server_port_median_utilization=1.06719611667
non_server_port_num=2376
non_server_port_std_utilization=2.36920174439
non_server_ports_zero_num=0
server_port_99.9th_utilization=30.0213695677
server_port_99th_utilization=5.411435168
server_port_mean_utilization=0.864470367593
server_port_median_utilization=0.768666433333
server_port_num=2160
server_port_std_utilization=1.83084381727
server_port_zero_num=720
