all_port_99.9th_utilization=98.811365787
all_port_99th_utilization=80.5297206275
all_port_mean_utilization=3.03763271669
all_port_median_utilization=0.3506086
all_port_num=4096
all_port_std_utilization=12.6866793717
all_port_unique_sources=1152
all_port_unique_targets=1152
non_server_port_99.9th_utilization=98.7823043138
non_server_port_99th_utilization=78.055353544
non_server_port_mean_utilization=3.36769163141
non_server_port_median_utilization=0.4290908
non_server_port_num=2048
non_server_port_std_utilization=12.4221436694
non_server_ports_zero_num=3
server_port_99.9th_utilization=98.8013048333
server_port_99th_utilization=88.04385801
server_port_mean_utilization=2.70757380197
server_port_median_utilization=0.227637
server_port_num=2048
server_port_std_utilization=12.9373929308
server_port_zero_num=112
