all_port_99.9th_utilization=41.535961495
all_port_99th_utilization=39.4547683947
all_port_mean_utilization=5.21837872849
all_port_median_utilization=1.20363088
all_port_num=4536
all_port_std_utilization=9.64786534188
all_port_unique_sources=1296
all_port_unique_targets=1296
non_server_port_99.9th_utilization=29.6668694008
non_server_port_99th_utilization=25.4413256
non_server_port_mean_utilization=6.12809792369
non_server_port_median_utilization=2.90044426667
non_server_port_num=2376
non_server_port_std_utilization=6.80272522908
non_server_ports_zero_num=2
server_port_99.9th_utilization=42.3088510297
server_port_99th_utilization=40.4974310165
server_port_mean_utilization=4.21768761376
server_port_median_utilization=0.0
server_port_num=2160
server_port_std_utilization=11.9437947762
server_port_zero_num=1920
