all_port_99.9th_utilization=82.6549910735
all_port_99th_utilization=68.9235473513
all_port_mean_utilization=4.08304928144
all_port_median_utilization=1.0296372
all_port_num=4096
all_port_std_utilization=12.1470303031
all_port_unique_sources=1152
all_port_unique_targets=1152
non_server_port_99.9th_utilization=84.4965755259
non_server_port_99th_utilization=65.209590851
non_server_port_mean_utilization=4.61439886154
non_server_port_median_utilization=1.2698368
non_server_port_num=2048
non_server_port_std_utilization=11.4186112017
non_server_ports_zero_num=0
server_port_99.9th_utilization=73.9249307639
server_port_99th_utilization=69.6542401197
server_port_mean_utilization=3.55169970134
server_port_median_utilization=0.9167844
server_port_num=2048
server_port_std_utilization=12.8121560965
server_port_zero_num=0
