all_port_99.9th_utilization=41.075638978
all_port_99th_utilization=34.6744017183
all_port_mean_utilization=7.00236288199
all_port_median_utilization=6.02650366667
all_port_num=4536
all_port_std_utilization=5.55470599691
all_port_unique_sources=1296
all_port_unique_targets=1296
non_server_port_99.9th_utilization=45.0895313917
non_server_port_99th_utilization=37.86276165
non_server_port_mean_utilization=9.4278383211
non_server_port_median_utilization=7.98132588333
non_server_port_num=2376
non_server_port_std_utilization=5.61267828891
non_server_ports_zero_num=0
server_port_99.9th_utilization=35.9894139966
server_port_99th_utilization=26.7946432947
server_port_mean_utilization=4.33433989897
server_port_median_utilization=3.6817782
server_port_num=2160
server_port_std_utilization=4.06854385609
server_port_zero_num=240
