all_port_99.9th_utilization=99.742353647
all_port_99th_utilization=63.7216328075
all_port_mean_utilization=2.38934169558
all_port_median_utilization=0.3922213
all_port_num=4096
all_port_std_utilization=9.63547320913
all_port_unique_sources=320
all_port_unique_targets=320
non_server_port_99.9th_utilization=12.7185377559
non_server_port_99th_utilization=12.153239682
non_server_port_mean_utilization=2.0305409727
non_server_port_median_utilization=0.5305156
non_server_port_num=2048
non_server_port_std_utilization=3.37866352402
non_server_ports_zero_num=0
server_port_99.9th_utilization=99.7879922043
server_port_99th_utilization=91.0158418095
server_port_mean_utilization=2.74814241846
server_port_median_utilization=0.2541412
server_port_num=2048
server_port_std_utilization=13.1913549267
server_port_zero_num=112
