all_port_99.9th_utilization=66.6408416019
all_port_99th_utilization=45.5501484575
all_port_mean_utilization=3.79439661033
all_port_median_utilization=0.0
all_port_num=4536
all_port_std_utilization=9.395863247
all_port_unique_sources=1296
all_port_unique_targets=1296
non_server_port_99.9th_utilization=35.2446390281
non_server_port_99th_utilization=27.6854446312
non_server_port_mean_utilization=4.34631041113
non_server_port_median_utilization=1.7519807625
non_server_port_num=2376
non_server_port_std_utilization=6.83789962583
non_server_ports_zero_num=548
server_port_99.9th_utilization=72.297304275
server_port_99th_utilization=52.8433835105
server_port_mean_utilization=3.18729142946
server_port_median_utilization=0.0
server_port_num=2160
server_port_std_utilization=11.5436784466
server_port_zero_num=2000
