all_port_99.9th_utilization=45.1731314099
all_port_99th_utilization=41.738894208
all_port_mean_utilization=13.572813369
all_port_median_utilization=11.4550705067
all_port_num=4536
all_port_std_utilization=13.387034766
all_port_unique_sources=1296
all_port_unique_targets=1296
non_server_port_99.9th_utilization=45.4530444917
non_server_port_99th_utilization=39.6443001367
non_server_port_mean_utilization=18.254551968
non_server_port_median_utilization=14.7819703467
non_server_port_num=2376
non_server_port_std_utilization=8.31240139223
non_server_ports_zero_num=0
server_port_99.9th_utilization=44.6378084827
server_port_99th_utilization=41.9375900371
server_port_mean_utilization=8.42290091013
server_port_median_utilization=0.0
server_port_num=2160
server_port_std_utilization=15.8021805067
server_port_zero_num=1680
