all_port_99.9th_utilization=78.4975957287
all_port_99th_utilization=60.9044957923
all_port_mean_utilization=3.63882893941
all_port_median_utilization=0.906961716574
all_port_num=4096
all_port_std_utilization=10.8320840837
all_port_unique_sources=1152
all_port_unique_targets=1152
non_server_port_99.9th_utilization=81.5518864437
non_server_port_99th_utilization=57.0160306329
non_server_port_mean_utilization=4.16210947883
non_server_port_median_utilization=1.12647762298
non_server_port_num=2048
non_server_port_std_utilization=10.3749473425
non_server_ports_zero_num=0
server_port_99.9th_utilization=65.0289255007
server_port_99th_utilization=61.2134168748
server_port_mean_utilization=3.11554839998
server_port_median_utilization=0.802415699245
server_port_num=2048
server_port_std_utilization=11.2463733616
server_port_zero_num=0
