all_port_99.9th_utilization=64.0900678678
all_port_99th_utilization=34.73513562
all_port_mean_utilization=1.73965791359
all_port_median_utilization=0.4430464
all_port_num=4096
all_port_std_utilization=6.16968362786
all_port_unique_sources=1152
all_port_unique_targets=1152
non_server_port_99.9th_utilization=65.9080875492
non_server_port_99th_utilization=30.5538855065
non_server_port_mean_utilization=1.69388791121
non_server_port_median_utilization=0.4189845
non_server_port_num=2048
non_server_port_std_utilization=5.87701661156
non_server_ports_zero_num=0
server_port_99.9th_utilization=37.173589796
server_port_99th_utilization=35.455816036
server_port_mean_utilization=1.78542791598
server_port_median_utilization=0.4586186
server_port_num=2048
server_port_std_utilization=6.44875787241
server_port_zero_num=0
