all_port_99.9th_utilization=96.2072209031
all_port_99th_utilization=92.5259686719
all_port_mean_utilization=5.69136603214
all_port_median_utilization=1.6281396875
all_port_num=4096
all_port_std_utilization=16.0279570807
all_port_unique_sources=1152
all_port_unique_targets=1152
non_server_port_99.9th_utilization=96.7905677788
non_server_port_99th_utilization=84.0072910234
non_server_port_mean_utilization=6.41312630569
non_server_port_median_utilization=2.0256015625
non_server_port_num=2048
non_server_port_std_utilization=14.6162760985
non_server_ports_zero_num=0
server_port_99.9th_utilization=96.0443318572
server_port_99th_utilization=93.7521221297
server_port_mean_utilization=4.96960575859
server_port_median_utilization=1.3966925
server_port_num=2048
server_port_std_utilization=17.2948955933
server_port_zero_num=0
