all_port_99.9th_utilization=42.6833033185
all_port_99th_utilization=34.21792112
all_port_mean_utilization=13.6532059838
all_port_median_utilization=13.153395072
all_port_num=4536
all_port_std_utilization=11.4706294547
all_port_unique_sources=1296
all_port_unique_targets=1296
non_server_port_99.9th_utilization=45.870526082
non_server_port_99th_utilization=36.192699168
non_server_port_mean_utilization=18.3918204499
non_server_port_median_utilization=17.715224
non_server_port_num=2376
non_server_port_std_utilization=7.03268134509
non_server_ports_zero_num=0
server_port_99.9th_utilization=32.5893064476
server_port_99th_utilization=31.4670253642
server_port_mean_utilization=8.44073007109
server_port_median_utilization=0.0
server_port_num=2160
server_port_std_utilization=13.0397058128
server_port_zero_num=1520
