all_port_99.9th_utilization=35.3721451239
all_port_99th_utilization=24.9893142992
all_port_mean_utilization=5.16093759383
all_port_median_utilization=2.702693825
all_port_num=4536
all_port_std_utilization=5.82868903861
all_port_unique_sources=1296
all_port_unique_targets=1296
non_server_port_99.9th_utilization=26.797901575
non_server_port_99th_utilization=21.952000875
non_server_port_mean_utilization=5.87444586127
non_server_port_median_utilization=5.60021446667
non_server_port_num=2376
non_server_port_std_utilization=4.60232940724
non_server_ports_zero_num=0
server_port_99.9th_utilization=39.669686618
server_port_99th_utilization=26.5602420312
server_port_mean_utilization=4.37607849966
server_port_median_utilization=0.0
server_port_num=2160
server_port_std_utilization=6.84609425792
server_port_zero_num=1440
