all_port_99.9th_utilization=57.5062774646
all_port_99th_utilization=44.963047631
all_port_mean_utilization=4.11092906383
all_port_median_utilization=1.86855192857
all_port_num=2048
all_port_std_utilization=7.88497665864
all_port_unique_sources=128
all_port_unique_targets=128
non_server_port_num=0
server_port_99.9th_utilization=57.5062774646
server_port_99th_utilization=44.963047631
server_port_mean_utilization=4.11092906383
server_port_median_utilization=1.86855192857
server_port_num=2048
server_port_std_utilization=7.88497665864
server_port_zero_num=0
