all_port_99.9th_utilization=43.6119731456
all_port_99th_utilization=26.3031566763
all_port_mean_utilization=1.76120438357
all_port_median_utilization=0.474730516467
all_port_num=2048
all_port_std_utilization=4.55636899034
all_port_unique_sources=128
all_port_unique_targets=128
non_server_port_num=0
server_port_99.9th_utilization=43.6119731456
server_port_99th_utilization=26.3031566763
server_port_mean_utilization=1.76120438357
server_port_median_utilization=0.474730516467
server_port_num=2048
server_port_std_utilization=4.55636899034
server_port_zero_num=0
