all_port_99.9th_utilization=99.2906235526
all_port_99th_utilization=64.2473664469
all_port_mean_utilization=2.83113638729
all_port_median_utilization=0.333936357143
all_port_num=2048
all_port_std_utilization=11.0313181853
all_port_unique_sources=128
all_port_unique_targets=128
non_server_port_num=0
server_port_99.9th_utilization=99.2906235526
server_port_99th_utilization=64.2473664469
server_port_mean_utilization=2.83113638729
server_port_median_utilization=0.333936357143
server_port_num=2048
server_port_std_utilization=11.0313181853
server_port_zero_num=13
