all_port_99.9th_utilization=25.7645886844
all_port_99th_utilization=23.574040224
all_port_mean_utilization=13.4928114615
all_port_median_utilization=13.96935528
all_port_num=4536
all_port_std_utilization=5.25311698885
all_port_unique_sources=1296
all_port_unique_targets=1296
non_server_port_99.9th_utilization=26.1033047
non_server_port_99th_utilization=24.30646336
non_server_port_mean_utilization=18.0793171205
non_server_port_median_utilization=18.01976456
non_server_port_num=2376
non_server_port_std_utilization=2.5288989206
non_server_ports_zero_num=0
server_port_99.9th_utilization=17.6102174166
server_port_99th_utilization=13.6418750144
server_port_mean_utilization=8.44765523652
server_port_median_utilization=8.274803
server_port_num=2160
server_port_std_utilization=1.52377766446
server_port_zero_num=0
