all_port_99.9th_utilization=98.54197865
all_port_99th_utilization=97.8870323667
all_port_mean_utilization=80.9068824378
all_port_median_utilization=87.3883070833
all_port_num=4536
all_port_std_utilization=18.8926020714
all_port_unique_sources=1296
all_port_unique_targets=1296
non_server_port_99.9th_utilization=98.6311830833
non_server_port_99th_utilization=98.1645144167
non_server_port_mean_utilization=92.5925164189
non_server_port_median_utilization=92.9479449167
non_server_port_num=2376
non_server_port_std_utilization=3.60776487789
non_server_ports_zero_num=0
server_port_99.9th_utilization=92.3238670532
server_port_99th_utilization=89.4640515217
server_port_mean_utilization=68.0526850585
server_port_median_utilization=73.0896760833
server_port_num=2160
server_port_std_utilization=20.4889352394
server_port_zero_num=160
