all_port_99.9th_utilization=57.5077555867
all_port_99th_utilization=53.857704384
all_port_mean_utilization=43.4405957186
all_port_median_utilization=44.1590650667
all_port_num=6144
all_port_std_utilization=7.04447207936
all_port_unique_sources=1344
all_port_unique_targets=1344
non_server_port_99.9th_utilization=54.2235836997
non_server_port_99th_utilization=52.0090326233
non_server_port_mean_utilization=43.0416704468
non_server_port_median_utilization=43.7751556667
non_server_port_num=4096
non_server_port_std_utilization=6.44748922757
non_server_ports_zero_num=48
server_port_99.9th_utilization=57.9980853984
server_port_99th_utilization=55.542175246
server_port_mean_utilization=44.2384462623
server_port_median_utilization=45.1673898667
server_port_num=2048
server_port_std_utilization=8.04852021903
server_port_zero_num=48
