all_port_99.9th_utilization=95.2391630092
all_port_99th_utilization=89.588867087
all_port_mean_utilization=34.0128824376
all_port_median_utilization=36.4185827771
all_port_num=4536
all_port_std_utilization=23.9471698502
all_port_unique_sources=1296
all_port_unique_targets=1296
non_server_port_99.9th_utilization=96.0820706378
non_server_port_99th_utilization=91.678121065
non_server_port_mean_utilization=39.5065707388
non_server_port_median_utilization=38.5888525497
non_server_port_num=2376
non_server_port_std_utilization=27.8228834785
non_server_ports_zero_num=465
server_port_99.9th_utilization=48.5911468574
server_port_99th_utilization=45.772185515
server_port_mean_utilization=27.9698253064
server_port_median_utilization=36.059754014
server_port_num=2160
server_port_std_utilization=16.8237701105
server_port_zero_num=560
