all_port_99.9th_utilization=28.4152929846
all_port_99th_utilization=24.543523381
all_port_mean_utilization=3.45608968685
all_port_median_utilization=3.0602328125
all_port_num=6144
all_port_std_utilization=3.54528945054
all_port_unique_sources=1344
all_port_unique_targets=1344
non_server_port_99.9th_utilization=28.745560345
non_server_port_99th_utilization=23.1537558738
non_server_port_mean_utilization=3.41616122056
non_server_port_median_utilization=3.0249881125
non_server_port_num=4096
non_server_port_std_utilization=3.4564721439
non_server_ports_zero_num=624
server_port_99.9th_utilization=28.1828794342
server_port_99th_utilization=26.0635903775
server_port_mean_utilization=3.53594661943
server_port_median_utilization=3.133931625
server_port_num=2048
server_port_std_utilization=3.71527479559
server_port_zero_num=368
