all_port_99.9th_utilization=9.29986054289
all_port_99th_utilization=8.538771675
all_port_mean_utilization=0.644187576007
all_port_median_utilization=0.2151787
all_port_num=4096
all_port_std_utilization=1.43947821243
all_port_unique_sources=1152
all_port_unique_targets=1152
non_server_port_99.9th_utilization=9.29963404314
non_server_port_99th_utilization=5.662821257
non_server_port_mean_utilization=0.841470008194
non_server_port_median_utilization=0.49280235
non_server_port_num=2048
non_server_port_std_utilization=1.20799572231
non_server_ports_zero_num=0
server_port_99.9th_utilization=9.2936865695
server_port_99th_utilization=8.873796676
server_port_mean_utilization=0.44690514382
server_port_median_utilization=0.11465465
server_port_num=2048
server_port_std_utilization=1.61465187173
server_port_zero_num=0
