all_port_99.9th_utilization=61.8834480517
all_port_99th_utilization=59.3125963958
all_port_mean_utilization=33.7759283219
all_port_median_utilization=40.1954451854
all_port_num=4704
all_port_std_utilization=21.1042783592
all_port_unique_sources=1225
all_port_unique_targets=1225
non_server_port_99.9th_utilization=62.5001603709
non_server_port_99th_utilization=60.0685486747
non_server_port_mean_utilization=38.0580988131
non_server_port_median_utilization=49.6273225573
non_server_port_num=2744
non_server_port_std_utilization=22.647214691
non_server_ports_zero_num=658
server_port_99.9th_utilization=49.682274211
server_port_99th_utilization=46.8658638191
server_port_mean_utilization=27.7808896342
server_port_median_utilization=36.1210618811
server_port_num=1960
server_port_std_utilization=17.007945877
server_port_zero_num=520
