all_port_99.9th_utilization=40.4099111289
all_port_99th_utilization=38.7777641485
all_port_mean_utilization=4.53028386645
all_port_median_utilization=2.33426393963
all_port_num=4536
all_port_std_utilization=8.02220247918
all_port_unique_sources=1296
all_port_unique_targets=1296
non_server_port_99.9th_utilization=22.9112208386
non_server_port_99th_utilization=21.0825056043
non_server_port_mean_utilization=6.09161981677
non_server_port_median_utilization=4.39844864581
non_server_port_num=2376
non_server_port_std_utilization=5.26319543885
non_server_ports_zero_num=0
server_port_99.9th_utilization=40.8202927121
server_port_99th_utilization=39.447272072
server_port_mean_utilization=2.81281432108
server_port_median_utilization=0.0
server_port_num=2160
server_port_std_utilization=9.95210736785
server_port_zero_num=2000
