all_port_99.9th_utilization=95.3611579336
all_port_99th_utilization=62.9280490147
all_port_mean_utilization=3.33730968557
all_port_median_utilization=0.8748268
all_port_num=2048
all_port_std_utilization=10.6221326843
all_port_unique_sources=128
all_port_unique_targets=128
non_server_port_num=0
server_port_99.9th_utilization=95.3611579336
server_port_99th_utilization=62.9280490147
server_port_mean_utilization=3.33730968557
server_port_median_utilization=0.8748268
server_port_num=2048
server_port_std_utilization=10.6221326843
server_port_zero_num=0
