all_port_99.9th_utilization=74.2476022413
all_port_99th_utilization=71.0204357067
all_port_mean_utilization=22.8164117916
all_port_median_utilization=11.5241384
all_port_num=4536
all_port_std_utilization=23.1934889415
all_port_unique_sources=1296
all_port_unique_targets=1296
non_server_port_99.9th_utilization=58.0834576667
non_server_port_99th_utilization=54.0233690333
non_server_port_mean_utilization=24.5664609038
non_server_port_median_utilization=29.139981
non_server_port_num=2376
non_server_port_std_utilization=14.8160848449
non_server_ports_zero_num=0
server_port_99.9th_utilization=74.4860917035
server_port_99th_utilization=72.4339227427
server_port_mean_utilization=20.8913577682
server_port_median_utilization=0.0
server_port_num=2160
server_port_std_utilization=29.6837812999
server_port_zero_num=1440
