all_port_99.9th_utilization=12.7355384952
all_port_99th_utilization=11.9164705413
all_port_mean_utilization=6.81421229346
all_port_median_utilization=6.57211621333
all_port_num=4536
all_port_std_utilization=2.80967285935
all_port_unique_sources=1296
all_port_unique_targets=1296
non_server_port_99.9th_utilization=12.9230778492
non_server_port_99th_utilization=12.19826664
non_server_port_mean_utilization=9.16844174422
non_server_port_median_utilization=9.26048498667
non_server_port_num=2376
non_server_port_std_utilization=1.4053596359
non_server_ports_zero_num=0
server_port_99.9th_utilization=5.88990235776
server_port_99th_utilization=5.5716327488
server_port_mean_utilization=4.22455989762
server_port_median_utilization=4.51278848
server_port_num=2160
server_port_std_utilization=1.26588884393
server_port_zero_num=160
