all_port_99.9th_utilization=51.2353463698
all_port_99th_utilization=46.87333352
all_port_mean_utilization=26.9841469497
all_port_median_utilization=31.86711428
all_port_num=4536
all_port_std_utilization=14.2923337149
all_port_unique_sources=1296
all_port_unique_targets=1296
non_server_port_99.9th_utilization=50.739331
non_server_port_99th_utilization=46.94505847
non_server_port_mean_utilization=28.6629867254
non_server_port_median_utilization=28.80369504
non_server_port_num=2376
non_server_port_std_utilization=9.30425241712
non_server_ports_zero_num=0
server_port_99.9th_utilization=51.1309393949
server_port_99th_utilization=46.4870067644
server_port_mean_utilization=25.1374231963
server_port_median_utilization=34.85787296
server_port_num=2160
server_port_std_utilization=18.0895527882
server_port_zero_num=720
