all_port_99.9th_utilization=38.4390772673
all_port_99th_utilization=28.5772514642
all_port_mean_utilization=6.21738118426
all_port_median_utilization=4.23557795
all_port_num=4536
all_port_std_utilization=6.72669635553
all_port_unique_sources=1296
all_port_unique_targets=1296
non_server_port_99.9th_utilization=37.0487063396
non_server_port_99th_utilization=31.6114882167
non_server_port_mean_utilization=7.89964520165
non_server_port_median_utilization=5.928101
non_server_port_num=2376
non_server_port_std_utilization=6.15766287348
non_server_ports_zero_num=0
server_port_99.9th_utilization=40.5279031125
server_port_99th_utilization=26.5840755155
server_port_mean_utilization=4.36689076513
server_port_median_utilization=0.0
server_port_num=2160
server_port_std_utilization=6.83929167365
server_port_zero_num=1440
