all_port_99.9th_utilization=67.8936452993
all_port_99th_utilization=39.180794743
all_port_mean_utilization=13.4645931179
all_port_median_utilization=13.944528255
all_port_num=4536
all_port_std_utilization=7.18810173267
all_port_unique_sources=1296
all_port_unique_targets=1296
non_server_port_99.9th_utilization=47.6726400038
non_server_port_99th_utilization=40.4340935325
non_server_port_mean_utilization=18.0261955839
non_server_port_median_utilization=17.402499875
non_server_port_num=2376
non_server_port_std_utilization=4.47109681596
non_server_ports_zero_num=0
server_port_99.9th_utilization=68.2681079024
server_port_99th_utilization=24.7777667264
server_port_mean_utilization=8.44683040534
server_port_median_utilization=7.0173608
server_port_num=2160
server_port_std_utilization=6.20062374891
server_port_zero_num=0
