all_port_99.9th_utilization=31.2478175486
all_port_99th_utilization=29.2901041533
all_port_mean_utilization=16.8479288761
all_port_median_utilization=16.3124210667
all_port_num=4536
all_port_std_utilization=6.85054081826
all_port_unique_sources=1296
all_port_unique_targets=1296
non_server_port_99.9th_utilization=31.5614483396
non_server_port_99th_utilization=29.9260114
non_server_port_mean_utilization=22.5710163417
non_server_port_median_utilization=22.7762738667
non_server_port_num=2376
non_server_port_std_utilization=3.42346751005
non_server_ports_zero_num=0
server_port_99.9th_utilization=14.7036736721
server_port_99th_utilization=13.929004792
server_port_mean_utilization=10.552532664
server_port_median_utilization=11.2764369333
server_port_num=2160
server_port_std_utilization=3.16220659739
server_port_zero_num=160
