all_port_99.9th_utilization=45.8659960229
all_port_99th_utilization=24.7072651448
all_port_mean_utilization=1.81440627489
all_port_median_utilization=0.48268484161
all_port_num=2048
all_port_std_utilization=4.68572518557
all_port_unique_sources=128
all_port_unique_targets=128
non_server_port_num=0
server_port_99.9th_utilization=45.8659960229
server_port_99th_utilization=24.7072651448
server_port_mean_utilization=1.81440627489
server_port_median_utilization=0.48268484161
server_port_num=2048
server_port_std_utilization=4.68572518557
server_port_zero_num=0
