all_port_99.9th_utilization=13.0824679085
all_port_99th_utilization=8.7432378375
all_port_mean_utilization=0.526111919512
all_port_median_utilization=0.12896595
all_port_num=4096
all_port_std_utilization=1.60651133239
all_port_unique_sources=1152
all_port_unique_targets=1152
non_server_port_99.9th_utilization=14.9857734965
non_server_port_99th_utilization=8.17029933
non_server_port_mean_utilization=0.605327279195
non_server_port_median_utilization=0.16104735
non_server_port_num=2048
non_server_port_std_utilization=1.59443176144
non_server_ports_zero_num=0
server_port_99.9th_utilization=9.2936796182
server_port_99th_utilization=8.873796676
server_port_mean_utilization=0.44689655983
server_port_median_utilization=0.11465465
server_port_num=2048
server_port_std_utilization=1.6146190058
server_port_zero_num=0
