all_port_99.9th_utilization=27.7937035637
all_port_99th_utilization=25.7198777324
all_port_mean_utilization=1.30518754571
all_port_median_utilization=0.366830078656
all_port_num=6144
all_port_std_utilization=4.06018053502
all_port_unique_sources=1344
all_port_unique_targets=1344
non_server_port_99.9th_utilization=27.3921417526
non_server_port_99th_utilization=25.2142771204
non_server_port_mean_utilization=1.2879253798
non_server_port_median_utilization=0.380791960025
non_server_port_num=4096
non_server_port_std_utilization=3.60764569952
non_server_ports_zero_num=0
server_port_99.9th_utilization=27.8806931052
server_port_99th_utilization=26.6104542473
server_port_mean_utilization=1.33971187751
server_port_median_utilization=0.343962875116
server_port_num=2048
server_port_std_utilization=4.83975154839
server_port_zero_num=0
