all_port_99.9th_utilization=58.6997017873
all_port_99th_utilization=40.8583903433
all_port_mean_utilization=11.4629412904
all_port_median_utilization=8.971159
all_port_num=4536
all_port_std_utilization=8.03684075808
all_port_unique_sources=1296
all_port_unique_targets=1296
non_server_port_99.9th_utilization=53.7459298
non_server_port_99th_utilization=42.95120905
non_server_port_mean_utilization=14.4945333042
non_server_port_median_utilization=12.3815653
non_server_port_num=2376
non_server_port_std_utilization=8.51710459471
non_server_ports_zero_num=0
server_port_99.9th_utilization=59.2140656263
server_port_99th_utilization=30.7382784333
server_port_mean_utilization=8.12819007534
server_port_median_utilization=7.34840736667
server_port_num=2160
server_port_std_utilization=5.88348120721
server_port_zero_num=240
