all_port_99.9th_utilization=31.5576504475
all_port_99th_utilization=6.416573245
all_port_mean_utilization=1.0017665169
all_port_median_utilization=0.674636083333
all_port_num=4536
all_port_std_utilization=2.05516164983
all_port_unique_sources=1296
all_port_unique_targets=1296
non_server_port_99.9th_utilization=31.5857290875
non_server_port_99th_utilization=6.80532530833
non_server_port_mean_utilization=1.12676562807
non_server_port_median_utilization=0.5957028
non_server_port_num=2376
non_server_port_std_utilization=2.26386818949
non_server_ports_zero_num=427
server_port_99.9th_utilization=30.0801116188
server_port_99th_utilization=5.175939903
server_port_mean_utilization=0.864267494614
server_port_median_utilization=0.703082066667
server_port_num=2160
server_port_std_utilization=1.78774870173
server_port_zero_num=480
