all_port_99.9th_utilization=27.4929186019
all_port_99th_utilization=25.69225279
all_port_mean_utilization=3.5977647193
all_port_median_utilization=2.90492415
all_port_num=4536
all_port_std_utilization=3.46348789596
all_port_unique_sources=1296
all_port_unique_targets=1296
non_server_port_99.9th_utilization=27.197379375
non_server_port_99th_utilization=25.5539377125
non_server_port_mean_utilization=3.81640262213
non_server_port_median_utilization=3.0316029625
non_server_port_num=2376
non_server_port_std_utilization=3.44549798187
non_server_ports_zero_num=0
server_port_99.9th_utilization=27.6902298189
server_port_99th_utilization=25.7269586373
server_port_mean_utilization=3.35726302618
server_port_median_utilization=2.780418975
server_port_num=2160
server_port_std_utilization=3.4672821956
server_port_zero_num=240
