all_port_99.9th_utilization=16.881730224
all_port_99th_utilization=13.9210349445
all_port_mean_utilization=9.02876139077
all_port_median_utilization=8.82605248
all_port_num=4536
all_port_std_utilization=1.67564972647
all_port_unique_sources=1296
all_port_unique_targets=1296
non_server_port_99.9th_utilization=15.42526538
non_server_port_99th_utilization=13.94348976
non_server_port_mean_utilization=9.55432474061
non_server_port_median_utilization=9.51036232
non_server_port_num=2376
non_server_port_std_utilization=1.63334509734
non_server_ports_zero_num=0
server_port_99.9th_utilization=17.610835047
server_port_99th_utilization=13.6419950624
server_port_mean_utilization=8.45064170594
server_port_median_utilization=8.284025625
server_port_num=2160
server_port_std_utilization=1.52437708472
server_port_zero_num=0
