all_port_99.9th_utilization=99.5655089923
all_port_99th_utilization=82.47519003
all_port_mean_utilization=2.40594985029
all_port_median_utilization=0.2036099
all_port_num=4096
all_port_std_utilization=11.7944441501
all_port_unique_sources=1152
all_port_unique_targets=1152
non_server_port_99.9th_utilization=99.8211245968
non_server_port_99th_utilization=89.2722739105
non_server_port_mean_utilization=2.27944888455
non_server_port_median_utilization=0.1892144
non_server_port_num=2048
non_server_port_std_utilization=11.6098780797
non_server_ports_zero_num=22
server_port_99.9th_utilization=92.1447648598
server_port_99th_utilization=80.76131783
server_port_mean_utilization=2.53245081604
server_port_median_utilization=0.2248559
server_port_num=2048
server_port_std_utilization=11.9748299197
server_port_zero_num=112
