all_port_99.9th_utilization=29.9310467088
all_port_99th_utilization=26.643283696
all_port_mean_utilization=15.4944665308
all_port_median_utilization=15.43137728
all_port_num=4536
all_port_std_utilization=5.24680798774
all_port_unique_sources=1296
all_port_unique_targets=1296
non_server_port_99.9th_utilization=30.85016224
non_server_port_99th_utilization=27.57408265
non_server_port_mean_utilization=18.09665465
non_server_port_median_utilization=18.30191239
non_server_port_num=2376
non_server_port_std_utilization=4.18657314297
non_server_ports_zero_num=0
server_port_99.9th_utilization=20.4205927514
server_port_99th_utilization=18.495697408
server_port_mean_utilization=12.6320595996
server_port_median_utilization=13.87778493
server_port_num=2160
server_port_std_utilization=4.78423020234
server_port_zero_num=240
