all_port_99.9th_utilization=46.6023943907
all_port_99th_utilization=41.3296056541
all_port_mean_utilization=4.11468835334
all_port_median_utilization=0.739231790384
all_port_num=11270
all_port_std_utilization=8.48834283865
all_port_unique_sources=3864
all_port_unique_targets=3864
non_server_port_99.9th_utilization=53.949556383
non_server_port_99th_utilization=43.109961609
non_server_port_mean_utilization=7.8327408575
non_server_port_median_utilization=5.04649607675
non_server_port_num=4186
non_server_port_std_utilization=9.0380656135
non_server_ports_zero_num=0
server_port_99.9th_utilization=44.0690321525
server_port_99th_utilization=40.5126088704
server_port_mean_utilization=1.91765732816
server_port_median_utilization=0.436689861655
server_port_num=7084
server_port_std_utilization=7.305007218
server_port_zero_num=0
