all_port_99.9th_utilization=39.5116930448
all_port_99th_utilization=36.288156675
all_port_mean_utilization=20.349445444
all_port_median_utilization=20.00278976
all_port_num=4536
all_port_std_utilization=8.70366641185
all_port_unique_sources=1296
all_port_unique_targets=1296
non_server_port_99.9th_utilization=41.7553954775
non_server_port_99th_utilization=36.93901512
non_server_port_mean_utilization=27.3746213316
non_server_port_median_utilization=27.45179008
non_server_port_num=2376
non_server_port_std_utilization=4.46458085136
non_server_ports_zero_num=0
server_port_99.9th_utilization=20.4340029088
server_port_99th_utilization=18.78782744
server_port_mean_utilization=12.6217519676
server_port_median_utilization=13.85143104
server_port_num=2160
server_port_std_utilization=4.81161263813
server_port_zero_num=240
