all_port_99.9th_utilization=39.5898714566
all_port_99th_utilization=37.7352034845
all_port_mean_utilization=2.2725154887
all_port_median_utilization=0.451285093713
all_port_num=4536
all_port_std_utilization=5.92290434482
all_port_unique_sources=1296
all_port_unique_targets=1296
non_server_port_99.9th_utilization=22.4411912062
non_server_port_99th_utilization=19.36446087
non_server_port_mean_utilization=3.05963730559
non_server_port_median_utilization=1.95001035008
non_server_port_num=2376
non_server_port_std_utilization=4.34311007224
non_server_ports_zero_num=4
server_port_99.9th_utilization=39.815553823
server_port_99th_utilization=38.5269875708
server_port_mean_utilization=1.40668149013
server_port_median_utilization=0.0
server_port_num=2160
server_port_std_utilization=7.17562682913
server_port_zero_num=2080
