all_port_99.9th_utilization=75.000137736
all_port_99th_utilization=43.4188983
all_port_mean_utilization=2.17353642689
all_port_median_utilization=0.554655
all_port_num=4096
all_port_std_utilization=7.6538691985
all_port_unique_sources=1152
all_port_unique_targets=1152
non_server_port_99.9th_utilization=77.9485991864
non_server_port_99th_utilization=38.9588736595
non_server_port_mean_utilization=2.11640483097
non_server_port_median_utilization=0.531181
non_server_port_num=2048
non_server_port_std_utilization=7.2286121227
non_server_ports_zero_num=0
server_port_99.9th_utilization=46.4666506105
server_port_99th_utilization=44.2683460745
server_port_mean_utilization=2.23066802281
server_port_median_utilization=0.57327325
server_port_num=2048
server_port_std_utilization=8.05630598702
server_port_zero_num=0
