all_port_99.9th_utilization=56.9167512235
all_port_99th_utilization=31.0925613791
all_port_mean_utilization=1.91249842251
all_port_median_utilization=0.411887093059
all_port_num=4096
all_port_std_utilization=5.81274558747
all_port_unique_sources=1152
all_port_unique_targets=1152
non_server_port_99.9th_utilization=34.4085909706
non_server_port_99th_utilization=26.7918896876
non_server_port_mean_utilization=2.4967982077
non_server_port_median_utilization=1.11756477578
non_server_port_num=2048
non_server_port_std_utilization=4.76412928368
non_server_ports_zero_num=0
server_port_99.9th_utilization=58.1004353478
server_port_99th_utilization=41.9241431075
server_port_mean_utilization=1.32819863732
server_port_median_utilization=0.101778761109
server_port_num=2048
server_port_std_utilization=6.64802844606
server_port_zero_num=112
