all_port_99.9th_utilization=33.1533685161
all_port_99th_utilization=27.6557668062
all_port_mean_utilization=3.62527250504
all_port_median_utilization=1.51464055
all_port_num=4536
all_port_std_utilization=4.94959797384
all_port_unique_sources=1296
all_port_unique_targets=1296
non_server_port_99.9th_utilization=30.384735925
non_server_port_99th_utilization=26.8159008312
non_server_port_mean_utilization=3.88908674899
non_server_port_median_utilization=3.4779447
non_server_port_num=2376
non_server_port_std_utilization=4.11792965091
non_server_ports_zero_num=0
server_port_99.9th_utilization=40.2957201661
server_port_99th_utilization=30.2720013507
server_port_mean_utilization=3.3350768367
server_port_median_utilization=0.0
server_port_num=2160
server_port_std_utilization=5.71253375202
server_port_zero_num=1440
