all_port_99.9th_utilization=42.8843114075
all_port_99th_utilization=39.5317761281
all_port_mean_utilization=1.94664807046
all_port_median_utilization=0.524687737656
all_port_num=20736
all_port_std_utilization=6.11042344422
all_port_unique_sources=4176
all_port_unique_targets=4176
non_server_port_99.9th_utilization=42.2916203922
non_server_port_99th_utilization=38.6826822358
non_server_port_mean_utilization=1.93712179652
non_server_port_median_utilization=0.567034276483
non_server_port_num=13824
non_server_port_std_utilization=5.37066746088
non_server_ports_zero_num=0
server_port_99.9th_utilization=43.724591931
server_port_99th_utilization=40.5366612273
server_port_mean_utilization=1.96570061834
server_port_median_utilization=0.461558889221
server_port_num=6912
server_port_std_utilization=7.37042343105
server_port_zero_num=0
