all_port_99.9th_utilization=11.8820317805
all_port_99th_utilization=8.85847396143
all_port_mean_utilization=0.835248296709
all_port_median_utilization=0.377191742857
all_port_num=2048
all_port_std_utilization=1.59448097289
all_port_unique_sources=128
all_port_unique_targets=128
non_server_port_num=0
server_port_99.9th_utilization=11.8820317805
server_port_99th_utilization=8.85847396143
server_port_mean_utilization=0.835248296709
server_port_median_utilization=0.377191742857
server_port_num=2048
server_port_std_utilization=1.59448097289
server_port_zero_num=0
