all_port_99.9th_utilization=99.397327776
all_port_99th_utilization=59.7455348429
all_port_mean_utilization=3.60095208982
all_port_median_utilization=0.819687121317
all_port_num=4096
all_port_std_utilization=10.8099248753
all_port_unique_sources=1152
all_port_unique_targets=1152
non_server_port_99.9th_utilization=61.3522011134
non_server_port_99th_utilization=50.523176435
non_server_port_mean_utilization=4.68543509575
non_server_port_median_utilization=2.09883280673
non_server_port_num=2048
non_server_port_std_utilization=8.91348909805
non_server_ports_zero_num=0
server_port_99.9th_utilization=99.4864072411
server_port_99th_utilization=82.2239615117
server_port_mean_utilization=2.51646908389
server_port_median_utilization=0.201699843464
server_port_num=2048
server_port_std_utilization=12.32503375
server_port_zero_num=112
