all_port_99.9th_utilization=99.7745822903
all_port_99th_utilization=65.66746761
all_port_mean_utilization=1.87621887727
all_port_median_utilization=0.136657857143
all_port_num=2048
all_port_std_utilization=10.2001093091
all_port_unique_sources=128
all_port_unique_targets=128
non_server_port_num=0
server_port_99.9th_utilization=99.7745822903
server_port_99th_utilization=65.66746761
server_port_mean_utilization=1.87621887727
server_port_median_utilization=0.136657857143
server_port_num=2048
server_port_std_utilization=10.2001093091
server_port_zero_num=17
