all_port_99.9th_utilization=98.0203875347
all_port_99th_utilization=96.6809154933
all_port_mean_utilization=41.2617655113
all_port_median_utilization=33.0730164667
all_port_num=4536
all_port_std_utilization=36.6520463613
all_port_unique_sources=1296
all_port_unique_targets=1296
non_server_port_99.9th_utilization=96.6777903667
non_server_port_99th_utilization=95.4801860667
non_server_port_mean_utilization=50.7284188128
non_server_port_median_utilization=58.1916751333
non_server_port_num=2376
non_server_port_std_utilization=25.3586616181
non_server_ports_zero_num=0
server_port_99.9th_utilization=98.4718027917
server_port_99th_utilization=97.1508204293
server_port_mean_utilization=30.8484468796
server_port_median_utilization=0.0
server_port_num=2160
server_port_std_utilization=43.6657518211
server_port_zero_num=1440
