all_port_99.9th_utilization=88.2094337304
all_port_99th_utilization=84.026744488
all_port_mean_utilization=27.1074352447
all_port_median_utilization=13.69355264
all_port_num=4536
all_port_std_utilization=27.4897713746
all_port_unique_sources=1296
all_port_unique_targets=1296
non_server_port_99.9th_utilization=66.99014208
non_server_port_99th_utilization=62.68706224
non_server_port_mean_utilization=29.1868008352
non_server_port_median_utilization=35.36341208
non_server_port_num=2376
non_server_port_std_utilization=17.4153229711
non_server_ports_zero_num=0
server_port_99.9th_utilization=88.8170579166
server_port_99th_utilization=85.8721191024
server_port_mean_utilization=24.8201330952
server_port_median_utilization=0.0
server_port_num=2160
server_port_std_utilization=35.26092885
server_port_zero_num=1440
