all_port_99.9th_utilization=94.4909281611
all_port_99th_utilization=49.5542809852
all_port_mean_utilization=2.2529237669
all_port_median_utilization=0.256354514286
all_port_num=2048
all_port_std_utilization=9.15223145625
all_port_unique_sources=128
all_port_unique_targets=128
non_server_port_num=0
server_port_99.9th_utilization=94.4909281611
server_port_99th_utilization=49.5542809852
server_port_mean_utilization=2.2529237669
server_port_median_utilization=0.256354514286
server_port_num=2048
server_port_std_utilization=9.15223145625
server_port_zero_num=1
