all_port_99.9th_utilization=66.1279461654
all_port_99th_utilization=45.469251585
all_port_mean_utilization=4.62415091846
all_port_median_utilization=1.4530490125
all_port_num=4536
all_port_std_utilization=9.26616910072
all_port_unique_sources=1296
all_port_unique_targets=1296
non_server_port_99.9th_utilization=30.1060810031
non_server_port_99th_utilization=24.9744475437
non_server_port_mean_utilization=5.93428330316
non_server_port_median_utilization=3.7108776625
non_server_port_num=2376
non_server_port_std_utilization=6.28956487612
non_server_ports_zero_num=0
server_port_99.9th_utilization=71.9071838725
server_port_99th_utilization=52.5999494617
server_port_mean_utilization=3.18300529529
server_port_median_utilization=0.0
server_port_num=2160
server_port_std_utilization=11.5252109466
server_port_zero_num=2000
