all_port_99.9th_utilization=19.3684420986
all_port_99th_utilization=10.5936866351
all_port_mean_utilization=0.398654406147
all_port_median_utilization=0.0510923428571
all_port_num=6144
all_port_std_utilization=1.83719579996
all_port_unique_sources=1344
all_port_unique_targets=1344
non_server_port_99.9th_utilization=18.9940911004
non_server_port_99th_utilization=9.68000384286
non_server_port_mean_utilization=0.376487707309
non_server_port_median_utilization=0.0569464857143
non_server_port_num=4096
non_server_port_std_utilization=1.61343331608
non_server_ports_zero_num=112
server_port_99.9th_utilization=19.3928366202
server_port_99th_utilization=13.9757547314
server_port_mean_utilization=0.442987803823
server_port_median_utilization=0.0339263142857
server_port_num=2048
server_port_std_utilization=2.21733689728
server_port_zero_num=112
