all_port_99.9th_utilization=75.8911636539
all_port_99th_utilization=72.9981135681
all_port_mean_utilization=45.8201392863
all_port_median_utilization=48.0424945225
all_port_num=4536
all_port_std_utilization=19.8822882363
all_port_unique_sources=1296
all_port_unique_targets=1296
non_server_port_99.9th_utilization=76.7413016338
non_server_port_99th_utilization=73.8801136451
non_server_port_mean_utilization=60.8084770257
non_server_port_median_utilization=61.5879074879
non_server_port_num=2376
non_server_port_std_utilization=6.92974878335
non_server_ports_zero_num=0
server_port_99.9th_utilization=50.2648904106
server_port_99th_utilization=46.8987060963
server_port_mean_utilization=29.332967773
server_port_median_utilization=36.1852173852
server_port_num=2160
server_port_std_utilization=16.0740670034
server_port_zero_num=480
