all_port_99.9th_utilization=81.1916682816
all_port_99th_utilization=78.3463909152
all_port_mean_utilization=52.0176691779
all_port_median_utilization=58.78825472
all_port_num=4536
all_port_std_utilization=20.0441232931
all_port_unique_sources=1296
all_port_unique_targets=1296
non_server_port_99.9th_utilization=81.688364736
non_server_port_99th_utilization=79.074141648
non_server_port_mean_utilization=68.8726151403
non_server_port_median_utilization=69.424356256
non_server_port_num=2376
non_server_port_std_utilization=5.56919523294
non_server_ports_zero_num=0
server_port_99.9th_utilization=48.8452985611
server_port_99th_utilization=46.6898119123
server_port_mean_utilization=33.4772286193
server_port_median_utilization=36.904740096
server_port_num=2160
server_port_std_utilization=12.383329766
server_port_zero_num=240
