all_port_99.9th_utilization=31.5079100927
all_port_99th_utilization=29.6469314446
all_port_mean_utilization=16.9965493852
all_port_median_utilization=16.5767561333
all_port_num=4536
all_port_std_utilization=6.97876139921
all_port_unique_sources=1296
all_port_unique_targets=1296
non_server_port_99.9th_utilization=32.2912307667
non_server_port_99th_utilization=30.2443215333
non_server_port_mean_utilization=22.8549421221
non_server_port_median_utilization=23.0207110667
non_server_port_num=2376
non_server_port_std_utilization=3.43732062369
non_server_ports_zero_num=0
server_port_99.9th_utilization=14.7031947018
server_port_99th_utilization=13.92902972
server_port_mean_utilization=10.5523173745
server_port_median_utilization=11.2764369333
server_port_num=2160
server_port_std_utilization=3.16209958895
server_port_zero_num=160
