all_port_99.9th_utilization=87.0337435088
all_port_99th_utilization=64.36691992
all_port_mean_utilization=16.8911837832
all_port_median_utilization=14.0326032
all_port_num=4536
all_port_std_utilization=16.3091831855
all_port_unique_sources=1296
all_port_unique_targets=1296
non_server_port_99.9th_utilization=87.8996299625
non_server_port_99th_utilization=83.1879944875
non_server_port_mean_utilization=21.3142857639
non_server_port_median_utilization=17.626796875
non_server_port_num=2376
non_server_port_std_utilization=13.3846827474
non_server_ports_zero_num=0
server_port_99.9th_utilization=75.7403906798
server_port_99th_utilization=59.383072683
server_port_mean_utilization=12.0257716043
server_port_median_utilization=0.0
server_port_num=2160
server_port_std_utilization=17.7854070121
server_port_zero_num=1440
