all_port_99.9th_utilization=20.1562942208
all_port_99th_utilization=18.79643232
all_port_mean_utilization=13.0316474407
all_port_median_utilization=13.74895104
all_port_num=6144
all_port_std_utilization=3.92521729052
all_port_unique_sources=1344
all_port_unique_targets=1344
non_server_port_99.9th_utilization=19.8407152
non_server_port_99th_utilization=18.683877312
non_server_port_mean_utilization=12.8847500998
non_server_port_median_utilization=13.63007232
non_server_port_num=4096
non_server_port_std_utilization=3.93024770249
non_server_ports_zero_num=256
server_port_99.9th_utilization=20.17531515
server_port_99th_utilization=19.1380211968
server_port_mean_utilization=13.3254421225
server_port_median_utilization=13.99145632
server_port_num=2048
server_port_std_utilization=3.89856708996
server_port_zero_num=128
