all_port_99.9th_utilization=18.9238836284
all_port_99th_utilization=9.61449210143
all_port_mean_utilization=0.376489979826
all_port_median_utilization=0.0562032857143
all_port_num=4096
all_port_std_utilization=1.61348690221
all_port_unique_sources=320
all_port_unique_targets=320
non_server_port_99.9th_utilization=2.27097287966
non_server_port_99th_utilization=2.04515741857
non_server_port_mean_utilization=0.309989834736
non_server_port_median_utilization=0.0754312571429
non_server_port_num=2048
non_server_port_std_utilization=0.528630518632
non_server_ports_zero_num=0
server_port_99.9th_utilization=19.589028125
server_port_99th_utilization=14.0663008217
server_port_mean_utilization=0.442990124915
server_port_median_utilization=0.0352415714286
server_port_num=2048
server_port_std_utilization=2.21774326814
server_port_zero_num=112
