all_port_99.9th_utilization=46.2887210665
all_port_99th_utilization=43.392857147
all_port_mean_utilization=18.2493832911
all_port_median_utilization=20.1491456
all_port_num=4536
all_port_std_utilization=14.9507076968
all_port_unique_sources=1296
all_port_unique_targets=1296
non_server_port_99.9th_utilization=45.6883203425
non_server_port_99th_utilization=40.064398945
non_server_port_mean_utilization=19.5112601279
non_server_port_median_utilization=21.12029115
non_server_port_num=2376
non_server_port_std_utilization=9.82828662987
non_server_ports_zero_num=0
server_port_99.9th_utilization=46.5037516743
server_port_99th_utilization=44.0623757184
server_port_mean_utilization=16.8613187706
server_port_median_utilization=0.0
server_port_num=2160
server_port_std_utilization=18.9596059524
server_port_zero_num=1200
