all_port_99.9th_utilization=66.0383190161
all_port_99th_utilization=52.684604842
all_port_mean_utilization=15.7367686268
all_port_median_utilization=14.40168384
all_port_num=4536
all_port_std_utilization=10.7375449785
all_port_unique_sources=1296
all_port_unique_targets=1296
non_server_port_99.9th_utilization=69.0294898575
non_server_port_99th_utilization=56.23281367
non_server_port_mean_utilization=18.563371795
non_server_port_median_utilization=17.46467029
non_server_port_num=2376
non_server_port_std_utilization=13.5006033192
non_server_ports_zero_num=344
server_port_99.9th_utilization=20.538329598
server_port_99th_utilization=18.7794545984
server_port_mean_utilization=12.6275051419
server_port_median_utilization=13.85801824
server_port_num=2160
server_port_std_utilization=4.81353707064
server_port_zero_num=240
