all_port_99.9th_utilization=67.6006670231
all_port_99th_utilization=42.2022361217
all_port_mean_utilization=2.92921794643
all_port_median_utilization=0.7957605
all_port_num=2048
all_port_std_utilization=7.46000201911
all_port_unique_sources=128
all_port_unique_targets=128
non_server_port_num=0
server_port_99.9th_utilization=67.6006670231
server_port_99th_utilization=42.2022361217
server_port_mean_utilization=2.92921794643
server_port_median_utilization=0.7957605
server_port_num=2048
server_port_std_utilization=7.46000201911
server_port_zero_num=0
