all_port_99.9th_utilization=66.0309786125
all_port_99th_utilization=59.5346202342
all_port_mean_utilization=36.1127630592
all_port_median_utilization=38.3138290182
all_port_num=4536
all_port_std_utilization=14.8334226903
all_port_unique_sources=1296
all_port_unique_targets=1296
non_server_port_99.9th_utilization=67.3051980589
non_server_port_99th_utilization=61.3225877565
non_server_port_mean_utilization=42.3477372086
non_server_port_median_utilization=43.396767311
non_server_port_num=2376
non_server_port_std_utilization=10.0666123749
non_server_ports_zero_num=0
server_port_99.9th_utilization=52.3757825941
server_port_99th_utilization=48.360887778
server_port_mean_utilization=29.2542914948
server_port_median_utilization=35.9179784027
server_port_num=2160
server_port_std_utilization=16.1490718619
server_port_zero_num=480
