all_port_99.9th_utilization=29.2929624638
all_port_99th_utilization=26.358694945
all_port_mean_utilization=3.55952965213
all_port_median_utilization=3.242093975
all_port_num=4536
all_port_std_utilization=3.78186272206
all_port_unique_sources=1296
all_port_unique_targets=1296
non_server_port_99.9th_utilization=29.2480224469
non_server_port_99th_utilization=25.9815363375
non_server_port_mean_utilization=3.75137075979
non_server_port_median_utilization=3.08872355
non_server_port_num=2376
non_server_port_std_utilization=3.50244329885
non_server_ports_zero_num=0
server_port_99.9th_utilization=29.221694467
server_port_99th_utilization=26.811020766
server_port_mean_utilization=3.34850443372
server_port_median_utilization=3.3815972125
server_port_num=2160
server_port_std_utilization=4.05664700703
server_port_zero_num=720
