all_port_99.9th_utilization=30.7760682079
all_port_99th_utilization=26.7999420287
all_port_mean_utilization=4.16023094958
all_port_median_utilization=3.6523587375
all_port_num=4536
all_port_std_utilization=4.18140568837
all_port_unique_sources=1296
all_port_unique_targets=1296
non_server_port_99.9th_utilization=31.0658635469
non_server_port_99th_utilization=27.1391432813
non_server_port_mean_utilization=4.90879389737
non_server_port_median_utilization=4.0560402125
non_server_port_num=2376
non_server_port_std_utilization=4.18281871369
non_server_ports_zero_num=0
server_port_99.9th_utilization=29.2380801564
server_port_99th_utilization=26.7553746695
server_port_mean_utilization=3.33681170701
server_port_median_utilization=3.3815972125
server_port_num=2160
server_port_std_utilization=4.02203336626
server_port_zero_num=720
