all_port_99.9th_utilization=30.0792989495
all_port_99th_utilization=6.04604878
all_port_mean_utilization=1.01212184009
all_port_median_utilization=0.789601516667
all_port_num=4536
all_port_std_utilization=1.82555625003
all_port_unique_sources=1296
all_port_unique_targets=1296
non_server_port_99.9th_utilization=28.2444731125
non_server_port_99th_utilization=7.34847091667
non_server_port_mean_utilization=1.14601839196
non_server_port_median_utilization=0.813120183333
non_server_port_num=2376
non_server_port_std_utilization=1.80805843747
non_server_ports_zero_num=0
server_port_99.9th_utilization=30.0908547682
server_port_99th_utilization=5.411435168
server_port_mean_utilization=0.86483563304
server_port_median_utilization=0.7684478
server_port_num=2160
server_port_std_utilization=1.83335201736
server_port_zero_num=720
