all_port_99.9th_utilization=72.9214448193
all_port_99th_utilization=58.120030275
all_port_mean_utilization=19.188432474
all_port_median_utilization=19.0920515
all_port_num=4536
all_port_std_utilization=16.32200954
all_port_unique_sources=1296
all_port_unique_targets=1296
non_server_port_99.9th_utilization=49.671410875
non_server_port_99th_utilization=46.8570703625
non_server_port_mean_utilization=25.7222326066
non_server_port_median_utilization=25.446795725
non_server_port_num=2376
non_server_port_std_utilization=9.21327556051
non_server_ports_zero_num=0
server_port_99.9th_utilization=73.8641568722
server_port_99th_utilization=65.0655265205
server_port_mean_utilization=12.0012523281
server_port_median_utilization=0.0
server_port_num=2160
server_port_std_utilization=19.1694742271
server_port_zero_num=1520
