all_port_99.9th_utilization=99.948220783
all_port_99th_utilization=61.304926865
all_port_mean_utilization=3.42574984068
all_port_median_utilization=1.16019936
all_port_num=4536
all_port_std_utilization=9.94633986762
all_port_unique_sources=1296
all_port_unique_targets=1296
non_server_port_99.9th_utilization=99.976313905
non_server_port_99th_utilization=67.7033074
non_server_port_mean_utilization=3.70044639902
non_server_port_median_utilization=1.31247232
non_server_port_num=2376
non_server_port_std_utilization=9.70915342612
non_server_ports_zero_num=0
server_port_99.9th_utilization=99.9397600726
server_port_99th_utilization=40.3983389192
server_port_mean_utilization=3.1235836265
server_port_median_utilization=1.00325256
server_port_num=2160
server_port_std_utilization=10.1923297868
server_port_zero_num=0
