all_port_99.9th_utilization=24.3594802591
all_port_99th_utilization=13.680201372
all_port_mean_utilization=0.514313944945
all_port_median_utilization=0.0518665142857
all_port_num=4096
all_port_std_utilization=2.34660803761
all_port_unique_sources=1152
all_port_unique_targets=1152
non_server_port_99.9th_utilization=25.6327651395
non_server_port_99th_utilization=13.001032588
non_server_port_mean_utilization=0.585646295466
non_server_port_median_utilization=0.0638041714286
non_server_port_num=2048
non_server_port_std_utilization=2.46709551323
non_server_ports_zero_num=17
server_port_99.9th_utilization=19.3928366202
server_port_99th_utilization=13.9757547314
server_port_mean_utilization=0.442981594423
server_port_median_utilization=0.0339263142857
server_port_num=2048
server_port_std_utilization=2.21729602998
server_port_zero_num=112
