all_port_99.9th_utilization=51.548423565
all_port_99th_utilization=46.3232507969
all_port_mean_utilization=20.3452578875
all_port_median_utilization=21.7249379225
all_port_num=4536
all_port_std_utilization=15.7745214999
all_port_unique_sources=1296
all_port_unique_targets=1296
non_server_port_99.9th_utilization=52.7378128736
non_server_port_99th_utilization=48.2936691332
non_server_port_mean_utilization=27.3394950284
non_server_port_median_utilization=28.2037504031
non_server_port_num=2376
non_server_port_std_utilization=8.90027830591
non_server_ports_zero_num=0
server_port_99.9th_utilization=44.9851925148
server_port_99th_utilization=43.0653538966
server_port_mean_utilization=12.6515970324
server_port_median_utilization=0.0
server_port_num=2160
server_port_std_utilization=17.9559030624
server_port_zero_num=1440
