all_port_99.9th_utilization=59.5597838796
all_port_99th_utilization=54.457621748
all_port_mean_utilization=27.0046318959
all_port_median_utilization=34.38810668
all_port_num=4536
all_port_std_utilization=17.6023826454
all_port_unique_sources=1296
all_port_unique_targets=1296
non_server_port_99.9th_utilization=61.02150843
non_server_port_99th_utilization=56.38727776
non_server_port_mean_utilization=36.2395963465
non_server_port_median_utilization=36.76689148
non_server_port_num=2376
non_server_port_std_utilization=9.28575300008
non_server_ports_zero_num=0
server_port_99.9th_utilization=46.3336472366
server_port_99th_utilization=44.0333473672
server_port_mean_utilization=16.8461710004
server_port_median_utilization=0.0
server_port_num=2160
server_port_std_utilization=18.9424669567
server_port_zero_num=1200
