all_port_99.9th_utilization=91.4051389778
all_port_99th_utilization=82.3990291954
all_port_mean_utilization=5.45592684706
all_port_median_utilization=1.21309465309
all_port_num=11270
all_port_std_utilization=15.777466913
all_port_unique_sources=3864
all_port_unique_targets=3864
non_server_port_99.9th_utilization=93.6966638101
non_server_port_99th_utilization=87.0938358578
non_server_port_mean_utilization=8.30821965565
non_server_port_median_utilization=2.40361080361
non_server_port_num=4186
non_server_port_std_utilization=17.6305417445
non_server_ports_zero_num=0
server_port_99.9th_utilization=86.5896376946
server_port_99th_utilization=79.4742206184
server_port_mean_utilization=3.77048109653
server_port_median_utilization=0.86852006852
server_port_num=7084
server_port_std_utilization=14.3072926101
server_port_zero_num=0
