all_port_99.9th_utilization=17.9926604947
all_port_99th_utilization=16.5097742667
all_port_mean_utilization=11.2763758896
all_port_median_utilization=11.6708731458
all_port_num=4536
all_port_std_utilization=3.02267624724
all_port_unique_sources=1296
all_port_unique_targets=1296
non_server_port_99.9th_utilization=18.3295847375
non_server_port_99th_utilization=16.8264491667
non_server_port_mean_utilization=11.930883907
non_server_port_median_utilization=12.34968015
non_server_port_num=2376
non_server_port_std_utilization=2.72881915663
non_server_ports_zero_num=0
server_port_99.9th_utilization=14.7231092304
server_port_99th_utilization=13.929081872
server_port_mean_utilization=10.5564170703
server_port_median_utilization=11.2808565333
server_port_num=2160
server_port_std_utilization=3.16324859146
server_port_zero_num=160
