all_port_99.9th_utilization=31.8192875589
all_port_99th_utilization=27.4880029537
all_port_mean_utilization=4.73475397503
all_port_median_utilization=3.8452961
all_port_num=4536
all_port_std_utilization=4.47437196426
all_port_unique_sources=1296
all_port_unique_targets=1296
non_server_port_99.9th_utilization=32.7907804313
non_server_port_99th_utilization=28.4955313437
non_server_port_mean_utilization=6.002809992
non_server_port_median_utilization=4.7266746875
non_server_port_num=2376
non_server_port_std_utilization=4.74848603937
non_server_ports_zero_num=0
server_port_99.9th_utilization=29.8177516824
server_port_99th_utilization=25.8689309725
server_port_mean_utilization=3.33989235637
server_port_median_utilization=3.0602922625
server_port_num=2160
server_port_std_utilization=3.67759108117
server_port_zero_num=480
