all_port_99.9th_utilization=87.9451700699
all_port_99th_utilization=75.8222342625
all_port_mean_utilization=4.11900236226
all_port_median_utilization=0.5276798
all_port_num=4536
all_port_std_utilization=12.2340118113
all_port_unique_sources=1296
all_port_unique_targets=1296
non_server_port_99.9th_utilization=51.1034508188
non_server_port_99th_utilization=43.78793835
non_server_port_mean_utilization=5.2455479284
non_server_port_median_utilization=2.322529725
non_server_port_num=2376
non_server_port_std_utilization=9.26805898815
non_server_ports_zero_num=4
server_port_99.9th_utilization=88.8430724294
server_port_99th_utilization=81.0495639537
server_port_mean_utilization=2.87980223951
server_port_median_utilization=0.0
server_port_num=2160
server_port_std_utilization=14.7272181013
server_port_zero_num=2080
