all_port_99.9th_utilization=96.2515485328
all_port_99th_utilization=94.652526
all_port_mean_utilization=4.94084007605
all_port_median_utilization=1.48512875
all_port_num=4096
all_port_std_utilization=13.4461622276
all_port_unique_sources=320
all_port_unique_targets=320
non_server_port_99.9th_utilization=21.8594003088
non_server_port_99th_utilization=21.0541959348
non_server_port_mean_utilization=4.75100024532
non_server_port_median_utilization=1.5857503125
non_server_port_num=2048
non_server_port_std_utilization=5.94378070281
non_server_ports_zero_num=0
server_port_99.9th_utilization=96.5399617522
server_port_99th_utilization=95.2243386344
server_port_mean_utilization=5.13067990677
server_port_median_utilization=1.3993734375
server_port_num=2048
server_port_std_utilization=18.0609509699
server_port_zero_num=0
