all_port_99.9th_utilization=30.1461378288
all_port_99th_utilization=8.55154966167
all_port_mean_utilization=1.39369862546
all_port_median_utilization=1.19286886667
all_port_num=4536
all_port_std_utilization=2.07754421333
all_port_unique_sources=1296
all_port_unique_targets=1296
non_server_port_99.9th_utilization=26.9889728667
non_server_port_99th_utilization=11.0548110083
non_server_port_mean_utilization=1.87535870822
non_server_port_median_utilization=1.39343851667
non_server_port_num=2376
non_server_port_std_utilization=2.06156774517
non_server_ports_zero_num=0
server_port_99.9th_utilization=30.5077052403
server_port_99th_utilization=6.00835946267
server_port_mean_utilization=0.863872534414
server_port_median_utilization=0.0
server_port_num=2160
server_port_std_utilization=1.96291095625
server_port_zero_num=1200
