all_port_99.9th_utilization=62.9889131358
all_port_99th_utilization=58.9757455501
all_port_mean_utilization=3.00080220874
all_port_median_utilization=0.88211137434
all_port_num=4096
all_port_std_utilization=8.39711720366
all_port_unique_sources=320
all_port_unique_targets=320
non_server_port_99.9th_utilization=15.7893517808
non_server_port_99th_utilization=14.2814005806
non_server_port_mean_utilization=2.8801543672
non_server_port_median_utilization=0.988690541034
non_server_port_num=2048
non_server_port_std_utilization=3.7662059718
non_server_ports_zero_num=0
server_port_99.9th_utilization=63.2147301493
server_port_99th_utilization=60.8014060327
server_port_mean_utilization=3.12145005027
server_port_median_utilization=0.801558199513
server_port_num=2048
server_port_std_utilization=11.2609828807
server_port_zero_num=0
