all_port_99.9th_utilization=23.3029292084
all_port_99th_utilization=20.72532976
all_port_mean_utilization=13.5150979035
all_port_median_utilization=14.18058286
all_port_num=4536
all_port_std_utilization=4.16942219112
all_port_unique_sources=1296
all_port_unique_targets=1296
non_server_port_99.9th_utilization=23.65259584
non_server_port_99th_utilization=21.35266056
non_server_port_mean_utilization=14.3142722762
non_server_port_median_utilization=14.58144592
non_server_port_num=2376
non_server_port_std_utilization=3.32029554012
non_server_ports_zero_num=0
server_port_99.9th_utilization=20.4205927514
server_port_99th_utilization=18.495697408
server_port_mean_utilization=12.6360060935
server_port_median_utilization=13.87554247
server_port_num=2160
server_port_std_utilization=4.78585647289
server_port_zero_num=240
