all_port_99.9th_utilization=97.3656120048
all_port_99th_utilization=96.5838411
all_port_mean_utilization=70.9347830839
all_port_median_utilization=85.0114306
all_port_num=4536
all_port_std_utilization=23.8163490704
all_port_unique_sources=1296
all_port_unique_targets=1296
non_server_port_99.9th_utilization=97.442173375
non_server_port_99th_utilization=96.80494335
non_server_port_mean_utilization=91.4270735989
non_server_port_median_utilization=91.9145426
non_server_port_num=2376
non_server_port_std_utilization=3.30613348999
non_server_ports_zero_num=0
server_port_99.9th_utilization=67.7635794483
server_port_99th_utilization=63.847023856
server_port_mean_utilization=48.3932635173
server_port_median_utilization=51.847170925
server_port_num=2160
server_port_std_utilization=14.4598676307
server_port_zero_num=160
