all_port_99.9th_utilization=29.3517887013
all_port_99th_utilization=7.14371178333
all_port_mean_utilization=1.38323861592
all_port_median_utilization=1.13137643333
all_port_num=4536
all_port_std_utilization=1.99693132878
all_port_unique_sources=1296
all_port_unique_targets=1296
non_server_port_99.9th_utilization=23.7986927708
non_server_port_99th_utilization=9.31098791667
non_server_port_mean_utilization=1.85592126306
non_server_port_median_utilization=1.41727976667
non_server_port_num=2376
non_server_port_std_utilization=1.99233164276
non_server_ports_zero_num=0
server_port_99.9th_utilization=30.0318721296
server_port_99th_utilization=5.30396219467
server_port_mean_utilization=0.863287704059
server_port_median_utilization=0.857688483333
server_port_num=2160
server_port_std_utilization=1.86863541136
server_port_zero_num=960
