all_port_99.9th_utilization=18.0733151575
all_port_99th_utilization=11.317360312
all_port_mean_utilization=1.70085381225
all_port_median_utilization=0.9988763
all_port_num=2048
all_port_std_utilization=2.39630030988
all_port_unique_sources=128
all_port_unique_targets=128
non_server_port_num=0
server_port_99.9th_utilization=18.0733151575
server_port_99th_utilization=11.317360312
server_port_mean_utilization=1.70085381225
server_port_median_utilization=0.9988763
server_port_num=2048
server_port_std_utilization=2.39630030988
server_port_zero_num=0
