all_port_99.9th_utilization=41.2507758176
all_port_99th_utilization=36.756606819
all_port_mean_utilization=20.187673828
all_port_median_utilization=19.73987536
all_port_num=4536
all_port_std_utilization=8.61204368978
all_port_unique_sources=1296
all_port_unique_targets=1296
non_server_port_99.9th_utilization=41.8005972
non_server_port_99th_utilization=37.61310912
non_server_port_mean_utilization=27.0656767942
non_server_port_median_utilization=26.99895076
non_server_port_num=2376
non_server_port_std_utilization=4.60445187862
non_server_ports_zero_num=0
server_port_99.9th_utilization=20.4569723008
server_port_99th_utilization=18.7914334112
server_port_mean_utilization=12.6218705651
server_port_median_utilization=13.8585472
server_port_num=2160
server_port_std_utilization=4.81157474979
server_port_zero_num=240
