all_port_99.9th_utilization=98.7869614053
all_port_99th_utilization=98.27317568
all_port_mean_utilization=71.5056769148
all_port_median_utilization=85.7052433333
all_port_num=4536
all_port_std_utilization=24.8375644059
all_port_unique_sources=1296
all_port_unique_targets=1296
non_server_port_99.9th_utilization=98.8503690333
non_server_port_99th_utilization=98.4828752667
non_server_port_mean_utilization=93.0717686469
non_server_port_median_utilization=93.6055937333
non_server_port_num=2376
non_server_port_std_utilization=3.73445887259
non_server_ports_zero_num=0
server_port_99.9th_utilization=67.8474385941
server_port_99th_utilization=63.8663949747
server_port_mean_utilization=47.7829760096
server_port_median_utilization=51.0479184667
server_port_num=2160
server_port_std_utilization=14.3452566489
server_port_zero_num=160
