all_port_99.9th_utilization=81.1591647188
all_port_99th_utilization=64.7234349672
all_port_mean_utilization=10.5601113688
all_port_median_utilization=6.44747992188
all_port_num=2048
all_port_std_utilization=13.9725246122
all_port_unique_sources=128
all_port_unique_targets=128
non_server_port_num=0
server_port_99.9th_utilization=81.1591647188
server_port_99th_utilization=64.7234349672
server_port_mean_utilization=10.5601113688
server_port_median_utilization=6.44747992188
server_port_num=2048
server_port_std_utilization=13.9725246122
server_port_zero_num=0
