all_port_99.9th_utilization=99.6455406072
all_port_99th_utilization=99.198764716
all_port_mean_utilization=11.8792660331
all_port_median_utilization=6.63646736
all_port_num=4536
all_port_std_utilization=20.8341916902
all_port_unique_sources=1296
all_port_unique_targets=1296
non_server_port_99.9th_utilization=58.27620272
non_server_port_99th_utilization=54.22520586
non_server_port_mean_utilization=16.0382743261
non_server_port_median_utilization=11.79431028
non_server_port_num=2376
non_server_port_std_utilization=13.637619052
non_server_ports_zero_num=0
server_port_99.9th_utilization=99.6977555986
server_port_99th_utilization=99.4465063512
server_port_mean_utilization=7.3043569107
server_port_median_utilization=0.0
server_port_num=2160
server_port_std_utilization=25.8262162134
server_port_zero_num=2000
