all_port_99.9th_utilization=38.4584197363
all_port_99th_utilization=35.349497696
all_port_mean_utilization=20.1531131503
all_port_median_utilization=19.70529035
all_port_num=4536
all_port_std_utilization=8.47992551351
all_port_unique_sources=1296
all_port_unique_targets=1296
non_server_port_99.9th_utilization=38.88888842
non_server_port_99th_utilization=36.12742472
non_server_port_mean_utilization=26.9988482511
non_server_port_median_utilization=27.124577
non_server_port_num=2376
non_server_port_std_utilization=4.25310753601
non_server_ports_zero_num=0
server_port_99.9th_utilization=20.4205927514
server_port_99th_utilization=18.4671143488
server_port_mean_utilization=12.6228045394
server_port_median_utilization=13.86160208
server_port_num=2160
server_port_std_utilization=4.78072434515
server_port_zero_num=240
