all_port_99.9th_utilization=96.9618102373
all_port_99th_utilization=93.2190451242
all_port_mean_utilization=10.0837517463
all_port_median_utilization=2.10491850492
all_port_num=11270
all_port_std_utilization=19.6351467353
all_port_unique_sources=3864
all_port_unique_targets=3864
non_server_port_99.9th_utilization=96.3041626338
non_server_port_99th_utilization=90.395008739
non_server_port_mean_utilization=19.1366087175
non_server_port_median_utilization=13.0917745318
non_server_port_num=4186
non_server_port_std_utilization=20.1983737045
non_server_ports_zero_num=0
server_port_99.9th_utilization=96.9626219273
server_port_99th_utilization=94.1468066546
server_port_mean_utilization=4.73433626328
server_port_median_utilization=1.21822213822
server_port_num=7084
server_port_std_utilization=17.182491602
server_port_zero_num=0
