all_port_99.9th_utilization=29.5011043647
all_port_99th_utilization=7.25145384833
all_port_mean_utilization=1.39202632064
all_port_median_utilization=1.13703665
all_port_num=4536
all_port_std_utilization=2.02482472783
all_port_unique_sources=1296
all_port_unique_targets=1296
non_server_port_99.9th_utilization=29.3329549917
non_server_port_99th_utilization=11.3455688333
non_server_port_mean_utilization=1.87278584405
non_server_port_median_utilization=1.43975941667
non_server_port_num=2376
non_server_port_std_utilization=2.04670819207
non_server_ports_zero_num=0
server_port_99.9th_utilization=29.731741639
server_port_99th_utilization=5.323735721
server_port_mean_utilization=0.863190844892
server_port_median_utilization=0.847257816667
server_port_num=2160
server_port_std_utilization=1.86225571745
server_port_zero_num=960
