all_port_99.9th_utilization=73.9710775823
all_port_99th_utilization=60.8396461939
all_port_mean_utilization=3.58823731167
all_port_median_utilization=0.902672467915
all_port_num=4096
all_port_std_utilization=10.7347564947
all_port_unique_sources=1152
all_port_unique_targets=1152
non_server_port_99.9th_utilization=80.1295708772
non_server_port_99th_utilization=58.0723080218
non_server_port_mean_utilization=4.06048882545
non_server_port_median_utilization=1.08436056114
non_server_port_num=2048
non_server_port_std_utilization=10.1733049912
non_server_ports_zero_num=0
server_port_99.9th_utilization=64.85545881
server_port_99th_utilization=61.277248076
server_port_mean_utilization=3.11598579789
server_port_median_utilization=0.802186099317
server_port_num=2048
server_port_std_utilization=11.2484584087
server_port_zero_num=0
