all_port_99.9th_utilization=31.5864280035
all_port_99th_utilization=6.012909995
all_port_mean_utilization=1.0783126831
all_port_median_utilization=0.898407316667
all_port_num=4536
all_port_std_utilization=1.98525492901
all_port_unique_sources=1296
all_port_unique_targets=1296
non_server_port_99.9th_utilization=31.7376146542
non_server_port_99th_utilization=6.82221716667
non_server_port_mean_utilization=1.27285613012
non_server_port_median_utilization=0.932205216667
non_server_port_num=2376
non_server_port_std_utilization=2.05508696682
non_server_ports_zero_num=0
server_port_99.9th_utilization=30.0747796258
server_port_99th_utilization=5.30396219467
server_port_mean_utilization=0.864314891373
server_port_median_utilization=0.857688483333
server_port_num=2160
server_port_std_utilization=1.88240547476
server_port_zero_num=960
