all_port_99.9th_utilization=93.223589065
all_port_99th_utilization=92.43432303
all_port_mean_utilization=74.883978903
all_port_median_utilization=81.537294
all_port_num=4536
all_port_std_utilization=18.4867398981
all_port_unique_sources=1296
all_port_unique_targets=1296
non_server_port_99.9th_utilization=93.4826500125
non_server_port_99th_utilization=92.74889655
non_server_port_mean_utilization=87.5543257526
non_server_port_median_utilization=88.2033065
non_server_port_num=2376
non_server_port_std_utilization=3.72768008871
non_server_ports_zero_num=0
server_port_99.9th_utilization=84.0529643244
server_port_99th_utilization=80.141605013
server_port_mean_utilization=60.9465973685
server_port_median_utilization=65.2049009
server_port_num=2160
server_port_std_utilization=18.2090043204
server_port_zero_num=160
