all_port_99.9th_utilization=95.6321984052
all_port_99th_utilization=91.8861496634
all_port_mean_utilization=4.77976541544
all_port_median_utilization=1.37389385389
all_port_num=20736
all_port_std_utilization=14.3038518897
all_port_unique_sources=4176
all_port_unique_targets=4176
non_server_port_99.9th_utilization=92.7077191155
non_server_port_99th_utilization=91.3981643204
non_server_port_mean_utilization=4.75559540756
non_server_port_median_utilization=1.41452061452
non_server_port_num=13824
non_server_port_std_utilization=12.552626593
non_server_ports_zero_num=0
server_port_99.9th_utilization=96.7649283314
server_port_99th_utilization=93.5147391779
server_port_mean_utilization=4.82810543118
server_port_median_utilization=1.27150687151
server_port_num=6912
server_port_std_utilization=17.2817870241
server_port_zero_num=0
