all_port_99.9th_utilization=15.1604370795
all_port_99th_utilization=14.4232694187
all_port_mean_utilization=5.19479025277
all_port_median_utilization=3.24960725333
all_port_num=4536
all_port_std_utilization=4.87068221422
all_port_unique_sources=1296
all_port_unique_targets=1296
non_server_port_99.9th_utilization=14.5683604133
non_server_port_99th_utilization=13.3803702933
non_server_port_mean_utilization=6.08173972537
non_server_port_median_utilization=6.85157672
non_server_port_num=2376
non_server_port_std_utilization=3.31120043465
non_server_ports_zero_num=0
server_port_99.9th_utilization=15.1815590741
server_port_99th_utilization=14.6405780373
server_port_mean_utilization=4.2191458329
server_port_median_utilization=0.0
server_port_num=2160
server_port_std_utilization=5.99514491059
server_port_zero_num=1440
