all_port_99.9th_utilization=75.4234050478
all_port_99th_utilization=55.3186234225
all_port_mean_utilization=15.1246203355
all_port_median_utilization=10.7466437
all_port_num=4536
all_port_std_utilization=14.6640235897
all_port_unique_sources=1296
all_port_unique_targets=1296
non_server_port_99.9th_utilization=48.13761645
non_server_port_99th_utilization=40.43250275
non_server_port_mean_utilization=17.7983547575
non_server_port_median_utilization=18.880665575
non_server_port_num=2376
non_server_port_std_utilization=9.80802352191
non_server_ports_zero_num=0
server_port_99.9th_utilization=76.7249976945
server_port_99th_utilization=62.6331819225
server_port_mean_utilization=12.1835124714
server_port_median_utilization=0.0
server_port_num=2160
server_port_std_utilization=18.1449612762
server_port_zero_num=1440
