all_port_99.9th_utilization=30.7022662756
all_port_99th_utilization=27.2055559462
all_port_mean_utilization=3.92049304346
all_port_median_utilization=3.460697525
all_port_num=4536
all_port_std_utilization=4.5879399879
all_port_unique_sources=1296
all_port_unique_targets=1296
non_server_port_99.9th_utilization=30.4645370094
non_server_port_99th_utilization=26.8168431875
non_server_port_mean_utilization=4.44869855098
non_server_port_median_utilization=3.7050145
non_server_port_num=2376
non_server_port_std_utilization=4.21873266738
non_server_ports_zero_num=0
server_port_99.9th_utilization=30.7791890727
server_port_99th_utilization=28.2763595567
server_port_mean_utilization=3.33946698519
server_port_median_utilization=0.0
server_port_num=2160
server_port_std_utilization=4.89707440247
server_port_zero_num=1200
