all_port_99.9th_utilization=99.7750733666
all_port_99th_utilization=59.623310179
all_port_mean_utilization=7.77686845652
all_port_median_utilization=5.19059576
all_port_num=4536
all_port_std_utilization=10.2832325069
all_port_unique_sources=1296
all_port_unique_targets=1296
non_server_port_99.9th_utilization=91.67156826
non_server_port_99th_utilization=64.96018187
non_server_port_mean_utilization=9.41654297489
non_server_port_median_utilization=6.82573544
non_server_port_num=2376
non_server_port_std_utilization=9.96252577991
non_server_ports_zero_num=0
server_port_99.9th_utilization=99.8183552588
server_port_99th_utilization=38.6832012352
server_port_mean_utilization=5.97322648632
server_port_median_utilization=3.44614064
server_port_num=2160
server_port_std_utilization=10.3284367946
server_port_zero_num=0
