all_port_99.9th_utilization=65.6896361275
all_port_99th_utilization=30.71703355
all_port_mean_utilization=1.69449052114
all_port_median_utilization=0.4223474
all_port_num=2048
all_port_std_utilization=5.86786735378
all_port_unique_sources=128
all_port_unique_targets=128
non_server_port_num=0
server_port_99.9th_utilization=65.6896361275
server_port_99th_utilization=30.71703355
server_port_mean_utilization=1.69449052114
server_port_median_utilization=0.4223474
server_port_num=2048
server_port_std_utilization=5.86786735378
server_port_zero_num=0
