all_port_99.9th_utilization=29.9480019733
all_port_99th_utilization=5.89986438
all_port_mean_utilization=1.01763254056
all_port_median_utilization=0.754539
all_port_num=4536
all_port_std_utilization=1.95711292287
all_port_unique_sources=1296
all_port_unique_targets=1296
non_server_port_99.9th_utilization=29.1599942792
non_server_port_99th_utilization=6.39121824167
non_server_port_mean_utilization=1.15627982851
non_server_port_median_utilization=0.814475116667
non_server_port_num=2376
non_server_port_std_utilization=2.09000362528
non_server_ports_zero_num=0
server_port_99.9th_utilization=29.9680863893
server_port_99th_utilization=5.410322539
server_port_mean_utilization=0.865120523827
server_port_median_utilization=0.700635066667
server_port_num=2160
server_port_std_utilization=1.78725463302
server_port_zero_num=480
