all_port_99.9th_utilization=82.9698677287
all_port_99th_utilization=77.5863382923
all_port_mean_utilization=3.85164262521
all_port_median_utilization=1.03281511282
all_port_num=20736
all_port_std_utilization=12.0466703773
all_port_unique_sources=4176
all_port_unique_targets=4176
non_server_port_99.9th_utilization=79.131829725
non_server_port_99th_utilization=76.6253749926
non_server_port_mean_utilization=3.83280282853
non_server_port_median_utilization=1.09926901927
non_server_port_num=13824
non_server_port_std_utilization=10.5728721792
non_server_ports_zero_num=0
server_port_99.9th_utilization=86.5805089909
server_port_99th_utilization=79.8060812401
server_port_mean_utilization=3.88932221855
server_port_median_utilization=0.917729237729
server_port_num=6912
server_port_std_utilization=14.5531240521
server_port_zero_num=0
