all_port_99.9th_utilization=14.5400708076
all_port_99th_utilization=13.200162988
all_port_mean_utilization=0.650242017636
all_port_median_utilization=0.17511104
all_port_num=20736
all_port_std_utilization=2.04274938504
all_port_unique_sources=4176
all_port_unique_targets=4176
non_server_port_99.9th_utilization=14.4805033918
non_server_port_99th_utilization=12.8991671512
non_server_port_mean_utilization=0.647065578066
non_server_port_median_utilization=0.18954192
non_server_port_num=13824
non_server_port_std_utilization=1.79628675036
non_server_ports_zero_num=0
server_port_99.9th_utilization=14.5921180694
server_port_99th_utilization=13.5422166552
server_port_mean_utilization=0.656594896774
server_port_median_utilization=0.15432432
server_port_num=6912
server_port_std_utilization=2.46274692824
server_port_zero_num=0
