all_port_99.9th_utilization=95.6127176551
all_port_99th_utilization=86.7846496641
all_port_mean_utilization=27.4211694714
all_port_median_utilization=33.1269819713
all_port_num=4536
all_port_std_utilization=24.1923255625
all_port_unique_sources=1296
all_port_unique_targets=1296
non_server_port_99.9th_utilization=95.8369121478
non_server_port_99th_utilization=90.3474806775
non_server_port_mean_utilization=31.970983054
non_server_port_median_utilization=29.0377999501
non_server_port_num=2376
non_server_port_std_utilization=27.4701370672
non_server_ports_zero_num=717
server_port_99.9th_utilization=46.861758935
server_port_99th_utilization=44.3339415675
server_port_mean_utilization=22.4163745306
server_port_median_utilization=34.6273292758
server_port_num=2160
server_port_std_utilization=18.7396895363
server_port_zero_num=880
