all_port_99.9th_utilization=83.5492116544
all_port_99th_utilization=81.0146935296
all_port_mean_utilization=52.3168163113
all_port_median_utilization=58.68119936
all_port_num=4536
all_port_std_utilization=20.3624081235
all_port_unique_sources=1296
all_port_unique_targets=1296
non_server_port_99.9th_utilization=85.917456536
non_server_port_99th_utilization=81.931366336
non_server_port_mean_utilization=69.4357103867
non_server_port_median_utilization=69.914161984
non_server_port_num=2376
non_server_port_std_utilization=6.05429694305
non_server_ports_zero_num=0
server_port_99.9th_utilization=48.928540614
server_port_99th_utilization=46.6818705562
server_port_mean_utilization=33.4860328283
server_port_median_utilization=36.90793344
server_port_num=2160
server_port_std_utilization=12.386990701
server_port_zero_num=240
