all_port_99.9th_utilization=89.0223308081
all_port_99th_utilization=82.0652930187
all_port_mean_utilization=6.30326559232
all_port_median_utilization=2.233922
all_port_num=4096
all_port_std_utilization=13.8000017477
all_port_unique_sources=1152
all_port_unique_targets=1152
non_server_port_99.9th_utilization=72.5892772799
non_server_port_99th_utilization=51.42816227
non_server_port_mean_utilization=8.23753550214
non_server_port_median_utilization=4.88189625
non_server_port_num=2048
non_server_port_std_utilization=11.2782264857
non_server_ports_zero_num=0
server_port_99.9th_utilization=89.6090097694
server_port_99th_utilization=85.6316018425
server_port_mean_utilization=4.3689956825
server_port_median_utilization=1.137252
server_port_num=2048
server_port_std_utilization=15.6907266766
server_port_zero_num=0
