all_port_99.9th_utilization=33.4233591543
all_port_99th_utilization=13.3119611517
all_port_mean_utilization=1.38687287009
all_port_median_utilization=0.481581833333
all_port_num=4536
all_port_std_utilization=3.0696625268
all_port_unique_sources=1296
all_port_unique_targets=1296
non_server_port_99.9th_utilization=29.4987131875
non_server_port_99th_utilization=10.9488934417
non_server_port_mean_utilization=1.86615693085
non_server_port_median_utilization=1.00045503333
non_server_port_num=2376
non_server_port_std_utilization=2.6479937536
non_server_ports_zero_num=0
server_port_99.9th_utilization=37.7909867519
server_port_99th_utilization=13.78249702
server_port_mean_utilization=0.859660403256
server_port_median_utilization=0.0
server_port_num=2160
server_port_std_utilization=3.39768205274
server_port_zero_num=2000
