all_port_99.9th_utilization=27.206366518
all_port_99th_utilization=23.2763646667
all_port_mean_utilization=13.1666873194
all_port_median_utilization=12.4941776
all_port_num=4536
all_port_std_utilization=4.23015877007
all_port_unique_sources=1296
all_port_unique_targets=1296
non_server_port_99.9th_utilization=27.5536556667
non_server_port_99th_utilization=24.4776967688
non_server_port_mean_utilization=15.5411198259
non_server_port_median_utilization=15.2152362667
non_server_port_num=2376
non_server_port_std_utilization=3.6371283365
non_server_ports_zero_num=0
server_port_99.9th_utilization=14.7247558944
server_port_99th_utilization=13.929081872
server_port_mean_utilization=10.5548115622
server_port_median_utilization=11.2789401333
server_port_num=2160
server_port_std_utilization=3.16270774821
server_port_zero_num=160
