all_port_99.9th_utilization=16.334902615
all_port_99th_utilization=13.8790787424
all_port_mean_utilization=1.3890467841
all_port_median_utilization=0.24684976
all_port_num=11270
all_port_std_utilization=2.86551588174
all_port_unique_sources=3864
all_port_unique_targets=3864
non_server_port_99.9th_utilization=20.1126659804
non_server_port_99th_utilization=14.703927272
non_server_port_mean_utilization=2.65555177327
non_server_port_median_utilization=1.708394
non_server_port_num=4186
non_server_port_std_utilization=3.07789216386
non_server_ports_zero_num=0
server_port_99.9th_utilization=14.7158452934
server_port_99th_utilization=13.5185430667
server_port_mean_utilization=0.640657472326
server_port_median_utilization=0.1456564
server_port_num=7084
server_port_std_utilization=2.44077599671
server_port_zero_num=0
