all_port_99.9th_utilization=99.7816821759
all_port_99th_utilization=52.7828577966
all_port_mean_utilization=1.59702790587
all_port_median_utilization=0.1083328
all_port_num=2048
all_port_std_utilization=9.13866263131
all_port_unique_sources=128
all_port_unique_targets=128
non_server_port_num=0
server_port_99.9th_utilization=99.7816821759
server_port_99th_utilization=52.7828577966
server_port_mean_utilization=1.59702790587
server_port_median_utilization=0.1083328
server_port_num=2048
server_port_std_utilization=9.13866263131
server_port_zero_num=17
