all_port_99.9th_utilization=34.0255332584
all_port_99th_utilization=29.2589577225
all_port_mean_utilization=5.36392053067
all_port_median_utilization=5.2395062125
all_port_num=4536
all_port_std_utilization=5.32845440696
all_port_unique_sources=1296
all_port_unique_targets=1296
non_server_port_99.9th_utilization=35.0614098594
non_server_port_99th_utilization=30.9369669438
non_server_port_mean_utilization=7.21802398195
non_server_port_median_utilization=6.0036648
non_server_port_num=2376
non_server_port_std_utilization=5.0573703
non_server_ports_zero_num=0
server_port_99.9th_utilization=29.9587600862
server_port_99th_utilization=27.9832652057
server_port_mean_utilization=3.32440673426
server_port_median_utilization=0.0
server_port_num=2160
server_port_std_utilization=4.85266066089
server_port_zero_num=1200
