all_port_99.9th_utilization=49.0833333802
all_port_99th_utilization=45.6562969843
all_port_mean_utilization=34.6603910256
all_port_median_utilization=36.990212064
all_port_num=6144
all_port_std_utilization=9.87117125085
all_port_unique_sources=1344
all_port_unique_targets=1344
non_server_port_99.9th_utilization=47.7280492693
non_server_port_99th_utilization=44.9398557584
non_server_port_mean_utilization=34.2688463145
non_server_port_median_utilization=36.788522896
non_server_port_num=4096
non_server_port_std_utilization=9.83702835145
non_server_ports_zero_num=256
server_port_99.9th_utilization=49.8940603309
server_port_99th_utilization=46.7542721418
server_port_mean_utilization=35.4434804478
server_port_median_utilization=37.40956232
server_port_num=2048
server_port_std_utilization=9.89272300491
server_port_zero_num=128
