all_port_99.9th_utilization=30.667530879
all_port_99th_utilization=26.8587122437
all_port_mean_utilization=3.58872085483
all_port_median_utilization=3.0274604875
all_port_num=4536
all_port_std_utilization=4.38778604544
all_port_unique_sources=1296
all_port_unique_targets=1296
non_server_port_99.9th_utilization=30.1792559906
non_server_port_99th_utilization=25.9260429875
non_server_port_mean_utilization=3.81826459611
non_server_port_median_utilization=3.2387506875
non_server_port_num=2376
non_server_port_std_utilization=3.85863502672
non_server_ports_zero_num=0
server_port_99.9th_utilization=30.7556234163
server_port_99th_utilization=28.2763595567
server_port_mean_utilization=3.33622273942
server_port_median_utilization=0.0
server_port_num=2160
server_port_std_utilization=4.89192334797
server_port_zero_num=1200
