all_port_99.9th_utilization=94.1160439811
all_port_99th_utilization=51.6967989625
all_port_mean_utilization=3.12454554869
all_port_median_utilization=0.677953142857
all_port_num=4096
all_port_std_utilization=9.57673312435
all_port_unique_sources=1152
all_port_unique_targets=1152
non_server_port_99.9th_utilization=55.4465729514
non_server_port_99th_utilization=45.9221091282
non_server_port_mean_utilization=4.05112218229
non_server_port_median_utilization=1.77535
non_server_port_num=2048
non_server_port_std_utilization=7.83534174393
non_server_ports_zero_num=0
server_port_99.9th_utilization=95.7497694992
server_port_99th_utilization=69.7250540429
server_port_mean_utilization=2.19796891509
server_port_median_utilization=0.169631571429
server_port_num=2048
server_port_std_utilization=10.9689546407
server_port_zero_num=112
