all_port_99.9th_utilization=55.3665841467
all_port_99th_utilization=50.7482738177
all_port_mean_utilization=3.84929913671
all_port_median_utilization=1.31864917416
all_port_num=4096
all_port_std_utilization=8.54679544144
all_port_unique_sources=1152
all_port_unique_targets=1152
non_server_port_99.9th_utilization=49.6931239161
non_server_port_99th_utilization=32.8040370346
non_server_port_mean_utilization=5.0232375902
non_server_port_median_utilization=2.96028065018
non_server_port_num=2048
non_server_port_std_utilization=7.06921893113
non_server_ports_zero_num=0
server_port_99.9th_utilization=55.7584575192
server_port_99th_utilization=52.8183778795
server_port_mean_utilization=2.67536068321
server_port_median_utilization=0.687785529866
server_port_num=2048
server_port_std_utilization=9.66257239839
server_port_zero_num=0
