all_port_99.9th_utilization=32.2263249312
all_port_99th_utilization=7.92084875833
all_port_mean_utilization=1.22229971531
all_port_median_utilization=0.556650983333
all_port_num=4536
all_port_std_utilization=2.39374636154
all_port_unique_sources=1296
all_port_unique_targets=1296
non_server_port_99.9th_utilization=36.9074369833
non_server_port_99th_utilization=10.2866096667
non_server_port_mean_utilization=1.54765592976
non_server_port_median_utilization=0.860449883333
non_server_port_num=2376
non_server_port_std_utilization=2.59788272284
non_server_ports_zero_num=0
server_port_99.9th_utilization=30.6288796343
server_port_99th_utilization=6.352869137
server_port_mean_utilization=0.864407879414
server_port_median_utilization=0.0
server_port_num=2160
server_port_std_utilization=2.08916788368
server_port_zero_num=1440
