all_port_99.9th_utilization=98.076048096
all_port_99th_utilization=74.1490829918
all_port_mean_utilization=2.84340058235
all_port_median_utilization=0.310748168124
all_port_num=4096
all_port_std_utilization=12.0568920437
all_port_unique_sources=1152
all_port_unique_targets=1152
non_server_port_99.9th_utilization=98.3358305
non_server_port_99th_utilization=72.5794470262
non_server_port_mean_utilization=3.19192730644
non_server_port_median_utilization=0.391523282687
non_server_port_num=2048
non_server_port_std_utilization=11.946822251
non_server_ports_zero_num=17
server_port_99.9th_utilization=97.4872364585
server_port_99th_utilization=81.2978778407
server_port_mean_utilization=2.49487385826
server_port_median_utilization=0.202177957921
server_port_num=2048
server_port_std_utilization=12.1559774537
server_port_zero_num=112
