all_port_99.9th_utilization=32.3734035625
all_port_99th_utilization=6.93482958333
all_port_mean_utilization=1.00985507731
all_port_median_utilization=0.246964766667
all_port_num=4536
all_port_std_utilization=2.35740598768
all_port_unique_sources=1296
all_port_unique_targets=1296
non_server_port_99.9th_utilization=33.5809659667
non_server_port_99th_utilization=8.19359928333
non_server_port_mean_utilization=1.14388092595
non_server_port_median_utilization=0.350420566667
non_server_port_num=2376
non_server_port_std_utilization=2.66426200959
non_server_ports_zero_num=948
server_port_99.9th_utilization=29.6489047077
server_port_99th_utilization=5.75916151033
server_port_mean_utilization=0.862426643796
server_port_median_utilization=0.0
server_port_num=2160
server_port_std_utilization=1.95469860986
server_port_zero_num=1200
