all_port_99.9th_utilization=35.2250523974
all_port_99th_utilization=26.5246002878
all_port_mean_utilization=2.50415665505
all_port_median_utilization=1.11818590324
all_port_num=2048
all_port_std_utilization=4.77064871973
all_port_unique_sources=128
all_port_unique_targets=128
non_server_port_num=0
server_port_99.9th_utilization=35.2250523974
server_port_99th_utilization=26.5246002878
server_port_mean_utilization=2.50415665505
server_port_median_utilization=1.11818590324
server_port_num=2048
server_port_std_utilization=4.77064871973
server_port_zero_num=0
