all_port_99.9th_utilization=67.9330387628
all_port_99th_utilization=32.0248497765
all_port_mean_utilization=9.02187190069
all_port_median_utilization=7.97588696
all_port_num=4536
all_port_std_utilization=5.26233876779
all_port_unique_sources=1296
all_port_unique_targets=1296
non_server_port_99.9th_utilization=39.394283535
non_server_port_99th_utilization=32.40991552
non_server_port_mean_utilization=9.54258956471
non_server_port_median_utilization=8.74594848
non_server_port_num=2376
non_server_port_std_utilization=4.16286514975
non_server_ports_zero_num=0
server_port_99.9th_utilization=68.2752524647
server_port_99th_utilization=24.7850806616
server_port_mean_utilization=8.44908247027
server_port_median_utilization=7.0173608
server_port_num=2160
server_port_std_utilization=6.2020076877
server_port_zero_num=0
