all_port_99.9th_utilization=31.482064045
all_port_99th_utilization=7.67768994833
all_port_mean_utilization=1.07274251495
all_port_median_utilization=0.343974183333
all_port_num=4536
all_port_std_utilization=2.20800118103
all_port_unique_sources=1296
all_port_unique_targets=1296
non_server_port_99.9th_utilization=30.8873101333
non_server_port_99th_utilization=7.64125564167
non_server_port_mean_utilization=1.26347661251
non_server_port_median_utilization=0.70513615
non_server_port_num=2376
non_server_port_std_utilization=2.0743441184
non_server_ports_zero_num=0
server_port_99.9th_utilization=31.9389620347
server_port_99th_utilization=7.60731546667
server_port_mean_utilization=0.862935007623
server_port_median_utilization=0.0
server_port_num=2160
server_port_std_utilization=2.32826863634
server_port_zero_num=1680
