all_port_99.9th_utilization=99.5295811083
all_port_99th_utilization=95.82629868
all_port_mean_utilization=8.04337282876
all_port_median_utilization=2.53143058036
all_port_num=2048
all_port_std_utilization=17.8799171398
all_port_unique_sources=128
all_port_unique_targets=128
non_server_port_num=0
server_port_99.9th_utilization=99.5295811083
server_port_99th_utilization=95.82629868
server_port_mean_utilization=8.04337282876
server_port_median_utilization=2.53143058036
server_port_num=2048
server_port_std_utilization=17.8799171398
server_port_zero_num=0
