all_port_99.9th_utilization=73.7010931141
all_port_99th_utilization=57.124884377
all_port_mean_utilization=3.6907994149
all_port_median_utilization=0.80339264
all_port_num=11270
all_port_std_utilization=10.9155948134
all_port_unique_sources=3864
all_port_unique_targets=3864
non_server_port_99.9th_utilization=76.5602569011
non_server_port_99th_utilization=65.258940458
non_server_port_mean_utilization=5.61852612647
non_server_port_median_utilization=1.5704392
non_server_port_num=4186
non_server_port_std_utilization=12.4528963358
non_server_ports_zero_num=0
server_port_99.9th_utilization=58.5119647844
server_port_99th_utilization=53.8762639764
server_port_mean_utilization=2.55168817625
server_port_median_utilization=0.58116384
server_port_num=7084
server_port_std_utilization=9.71744184194
server_port_zero_num=0
