all_port_99.9th_utilization=28.1969382463
all_port_99th_utilization=13.2087030929
all_port_mean_utilization=0.414036456375
all_port_median_utilization=0.0271481142857
all_port_num=2048
all_port_std_utilization=2.47360160218
all_port_unique_sources=128
all_port_unique_targets=128
non_server_port_num=0
server_port_99.9th_utilization=28.1969382463
server_port_99th_utilization=13.2087030929
server_port_mean_utilization=0.414036456375
server_port_median_utilization=0.0271481142857
server_port_num=2048
server_port_std_utilization=2.47360160218
server_port_zero_num=17
