all_port_99.9th_utilization=53.9836120787
all_port_99th_utilization=34.229707635
all_port_mean_utilization=5.22040566515
all_port_median_utilization=2.83003435
all_port_num=4536
all_port_std_utilization=7.98406737527
all_port_unique_sources=1296
all_port_unique_targets=1296
non_server_port_99.9th_utilization=37.3260056094
non_server_port_99th_utilization=25.7656661625
non_server_port_mean_utilization=7.01780910895
non_server_port_median_utilization=4.6311017875
non_server_port_num=2376
non_server_port_std_utilization=5.62650887779
non_server_ports_zero_num=0
server_port_99.9th_utilization=58.413471684
server_port_99th_utilization=42.1644142977
server_port_mean_utilization=3.24326187696
server_port_median_utilization=0.0
server_port_num=2160
server_port_std_utilization=9.5696923624
server_port_zero_num=1920
