all_port_99.9th_utilization=49.3823677388
all_port_99th_utilization=33.3350690064
all_port_mean_utilization=5.0949993911
all_port_median_utilization=3.00171397607
all_port_num=2048
all_port_std_utilization=7.06618150739
all_port_unique_sources=128
all_port_unique_targets=128
non_server_port_num=0
server_port_99.9th_utilization=49.3823677388
server_port_99th_utilization=33.3350690064
server_port_mean_utilization=5.0949993911
server_port_median_utilization=3.00171397607
server_port_num=2048
server_port_std_utilization=7.06618150739
server_port_zero_num=0
