all_port_99.9th_utilization=62.5358906348
all_port_99th_utilization=44.0442298805
all_port_mean_utilization=6.78761939357
all_port_median_utilization=4.0323372
all_port_num=2048
all_port_std_utilization=9.31074654999
all_port_unique_sources=128
all_port_unique_targets=128
non_server_port_num=0
server_port_99.9th_utilization=62.5358906348
server_port_99th_utilization=44.0442298805
server_port_mean_utilization=6.78761939357
server_port_median_utilization=4.0323372
server_port_num=2048
server_port_std_utilization=9.31074654999
server_port_zero_num=0
