all_port_99.9th_utilization=80.5062646328
all_port_99th_utilization=77.953952768
all_port_mean_utilization=51.7452876177
all_port_median_utilization=58.03715634
all_port_num=4536
all_port_std_utilization=19.8685615196
all_port_unique_sources=1296
all_port_unique_targets=1296
non_server_port_99.9th_utilization=80.8751556
non_server_port_99th_utilization=79.03363024
non_server_port_mean_utilization=68.3785475282
non_server_port_median_utilization=69.02872274
non_server_port_num=2376
non_server_port_std_utilization=5.57659540307
non_server_ports_zero_num=0
server_port_99.9th_utilization=51.5014664182
server_port_99th_utilization=47.6176349764
server_port_mean_utilization=33.4487017162
server_port_median_utilization=36.87964
server_port_num=2160
server_port_std_utilization=12.4775905148
server_port_zero_num=240
