all_port_99.9th_utilization=34.4689132781
all_port_99th_utilization=27.6323761262
all_port_mean_utilization=5.35308306269
all_port_median_utilization=4.6928427375
all_port_num=4536
all_port_std_utilization=4.82787171005
all_port_unique_sources=1296
all_port_unique_targets=1296
non_server_port_99.9th_utilization=36.2744422906
non_server_port_99th_utilization=29.7241334625
non_server_port_mean_utilization=7.19511254355
non_server_port_median_utilization=5.9263119375
non_server_port_num=2376
non_server_port_std_utilization=4.79440025135
non_server_ports_zero_num=0
server_port_99.9th_utilization=29.2380801564
server_port_99th_utilization=25.898976808
server_port_mean_utilization=3.32685063375
server_port_median_utilization=3.3815972125
server_port_num=2160
server_port_std_utilization=3.97801786697
server_port_zero_num=720
