all_port_99.9th_utilization=55.3672848701
all_port_99th_utilization=50.7435888404
all_port_mean_utilization=3.88048552525
all_port_median_utilization=1.3238418774
all_port_num=4096
all_port_std_utilization=8.55933030141
all_port_unique_sources=1152
all_port_unique_targets=1152
non_server_port_99.9th_utilization=49.9404100409
non_server_port_99th_utilization=32.8545972822
non_server_port_mean_utilization=5.0856281928
non_server_port_median_utilization=3.00905948066
non_server_port_num=2048
non_server_port_std_utilization=7.08917576957
non_server_ports_zero_num=0
server_port_99.9th_utilization=55.7591320659
server_port_99th_utilization=52.8165360325
server_port_mean_utilization=2.67534285769
server_port_median_utilization=0.687785529866
server_port_num=2048
server_port_std_utilization=9.66245929497
server_port_zero_num=0
