all_port_99.9th_utilization=98.0541920829
all_port_99th_utilization=94.0930895249
all_port_mean_utilization=6.82572499773
all_port_median_utilization=1.76857275607
all_port_num=11270
all_port_std_utilization=18.4110665877
all_port_unique_sources=3864
all_port_unique_targets=3864
non_server_port_99.9th_utilization=98.5247882802
non_server_port_99th_utilization=95.5161045441
non_server_port_mean_utilization=10.4186524489
non_server_port_median_utilization=3.51668295668
non_server_port_num=4186
non_server_port_std_utilization=20.2611424413
non_server_ports_zero_num=0
server_port_99.9th_utilization=96.8754002912
server_port_99th_utilization=93.1131183861
server_port_mean_utilization=4.70263150387
server_port_median_utilization=1.24716976717
server_port_num=7084
server_port_std_utilization=16.8687354845
server_port_zero_num=0
