all_port_99.9th_utilization=10.631676453
all_port_99th_utilization=7.1871662056
all_port_mean_utilization=0.463457140514
all_port_median_utilization=0.1002432
all_port_num=11270
all_port_std_utilization=1.39904719343
all_port_unique_sources=3864
all_port_unique_targets=3864
non_server_port_99.9th_utilization=11.7827999809
non_server_port_99th_utilization=8.967497428
non_server_port_mean_utilization=0.705508565024
non_server_port_median_utilization=0.1958082
non_server_port_num=4186
non_server_port_std_utilization=1.62926061289
non_server_ports_zero_num=0
server_port_99.9th_utilization=7.36447414215
server_port_99th_utilization=6.7727440889
server_port_mean_utilization=0.320426753304
server_port_median_utilization=0.0728282
server_port_num=7084
server_port_std_utilization=1.22077769615
server_port_zero_num=0
