all_port_99.9th_utilization=29.6987746077
all_port_99th_utilization=8.00882838
all_port_mean_utilization=1.38459280515
all_port_median_utilization=1.19638225
all_port_num=4536
all_port_std_utilization=2.07374923657
all_port_unique_sources=1296
all_port_unique_targets=1296
non_server_port_99.9th_utilization=29.6763381625
non_server_port_99th_utilization=11.0354992333
non_server_port_mean_utilization=1.85970006918
non_server_port_median_utilization=1.41036806667
non_server_port_num=2376
non_server_port_std_utilization=2.06840721603
non_server_ports_zero_num=0
server_port_99.9th_utilization=29.6489047077
server_port_99th_utilization=5.75916151033
server_port_mean_utilization=0.861974814722
server_port_median_utilization=0.0
server_port_num=2160
server_port_std_utilization=1.95021715765
server_port_zero_num=1200
