all_port_99.9th_utilization=66.0272803813
all_port_99th_utilization=61.3978258467
all_port_mean_utilization=44.8028646481
all_port_median_utilization=46.5108597333
all_port_num=4536
all_port_std_utilization=11.2758273702
all_port_unique_sources=1296
all_port_unique_targets=1296
non_server_port_99.9th_utilization=66.7155289667
non_server_port_99th_utilization=62.5373373333
non_server_port_mean_utilization=47.4020100318
non_server_port_median_utilization=49.1105434667
non_server_port_num=2376
non_server_port_std_utilization=9.2213575157
non_server_ports_zero_num=0
server_port_99.9th_utilization=58.4378705112
server_port_99th_utilization=55.4530134987
server_port_mean_utilization=41.9438047261
server_port_median_utilization=44.8230869333
server_port_num=2160
server_port_std_utilization=12.5642699805
server_port_zero_num=160
