all_port_99.9th_utilization=16.6728585718
all_port_99th_utilization=8.683791885
all_port_mean_utilization=0.435414749107
all_port_median_utilization=0.11080925
all_port_num=4096
all_port_std_utilization=1.56482449483
all_port_unique_sources=1152
all_port_unique_targets=1152
non_server_port_99.9th_utilization=18.6489935801
non_server_port_99th_utilization=7.5275039335
non_server_port_mean_utilization=0.42392583278
non_server_port_median_utilization=0.1046728
non_server_port_num=2048
non_server_port_std_utilization=1.51327656792
non_server_ports_zero_num=0
server_port_99.9th_utilization=9.29368528787
server_port_99th_utilization=8.873796676
server_port_mean_utilization=0.446903665433
server_port_median_utilization=0.11465465
server_port_num=2048
server_port_std_utilization=1.61464591718
server_port_zero_num=0
