all_port_99.9th_utilization=47.728254226
all_port_99th_utilization=35.4726562011
all_port_mean_utilization=3.29118911006
all_port_median_utilization=1.46349462857
all_port_num=2048
all_port_std_utilization=6.34573341518
all_port_unique_sources=128
all_port_unique_targets=128
non_server_port_num=0
server_port_99.9th_utilization=47.728254226
server_port_99th_utilization=35.4726562011
server_port_mean_utilization=3.29118911006
server_port_median_utilization=1.46349462857
server_port_num=2048
server_port_std_utilization=6.34573341518
server_port_zero_num=0
