all_port_99.9th_utilization=36.1928988539
all_port_99th_utilization=33.246735584
all_port_mean_utilization=13.661022237
all_port_median_utilization=14.83256096
all_port_num=4536
all_port_std_utilization=11.2714527147
all_port_unique_sources=1296
all_port_unique_targets=1296
non_server_port_99.9th_utilization=34.9587298075
non_server_port_99th_utilization=30.32501539
non_server_port_mean_utilization=14.6022202826
non_server_port_median_utilization=15.57439632
non_server_port_num=2376
non_server_port_std_utilization=7.5289477754
non_server_ports_zero_num=0
server_port_99.9th_utilization=36.3736422269
server_port_99th_utilization=33.9218454272
server_port_mean_utilization=12.6257043869
server_port_median_utilization=0.0
server_port_num=2160
server_port_std_utilization=14.2265939345
server_port_zero_num=1200
