all_port_99.9th_utilization=99.6373525252
all_port_99th_utilization=99.194520648
all_port_mean_utilization=11.7360385991
all_port_median_utilization=6.30950736
all_port_num=4536
all_port_std_utilization=20.8240129127
all_port_unique_sources=1296
all_port_unique_targets=1296
non_server_port_99.9th_utilization=58.1923845675
non_server_port_99th_utilization=54.31111458
non_server_port_mean_utilization=15.7648904816
non_server_port_median_utilization=11.47414704
non_server_port_num=2376
non_server_port_std_utilization=13.6902276256
non_server_ports_zero_num=0
server_port_99.9th_utilization=99.6947963582
server_port_99th_utilization=99.4496088072
server_port_mean_utilization=7.30430152837
server_port_median_utilization=0.0
server_port_num=2160
server_port_std_utilization=25.8260199714
server_port_zero_num=2000
