all_port_99.9th_utilization=66.2430944597
all_port_99th_utilization=61.488299455
all_port_mean_utilization=15.6424353672
all_port_median_utilization=7.53150272
all_port_num=4536
all_port_std_utilization=18.9549400241
all_port_unique_sources=1296
all_port_unique_targets=1296
non_server_port_99.9th_utilization=51.44912208
non_server_port_99th_utilization=45.642638005
non_server_port_mean_utilization=18.4086031214
non_server_port_median_utilization=11.74371648
non_server_port_num=2376
non_server_port_std_utilization=12.7240491344
non_server_ports_zero_num=0
server_port_99.9th_utilization=66.8934056787
server_port_99th_utilization=62.733825473
server_port_mean_utilization=12.5996508376
server_port_median_utilization=0.0
server_port_num=2160
server_port_std_utilization=23.6377139041
server_port_zero_num=1680
