all_port_99.9th_utilization=41.8057208984
all_port_99th_utilization=39.7237090992
all_port_mean_utilization=9.07505925791
all_port_median_utilization=6.69862341804
all_port_num=4536
all_port_std_utilization=11.1673039882
all_port_unique_sources=1296
all_port_unique_targets=1296
non_server_port_99.9th_utilization=39.4334978694
non_server_port_99th_utilization=34.724049312
non_server_port_mean_utilization=12.2075973648
non_server_port_median_utilization=9.13328638703
non_server_port_num=2376
non_server_port_std_utilization=7.17509197281
non_server_ports_zero_num=0
server_port_99.9th_utilization=41.853649347
server_port_99th_utilization=40.1264073218
server_port_mean_utilization=5.6292673403
server_port_median_utilization=0.0
server_port_num=2160
server_port_std_utilization=13.5126062932
server_port_zero_num=1840
