all_port_99.9th_utilization=98.4570604928
all_port_99th_utilization=95.094264068
all_port_mean_utilization=7.05282885686
all_port_median_utilization=1.9239424
all_port_num=11270
all_port_std_utilization=18.6124770181
all_port_unique_sources=3864
all_port_unique_targets=3864
non_server_port_99.9th_utilization=98.748588153
non_server_port_99th_utilization=96.547901395
non_server_port_mean_utilization=10.7614409759
non_server_port_median_utilization=3.8615896
non_server_port_num=4186
non_server_port_std_utilization=20.435554991
non_server_ports_zero_num=0
server_port_99.9th_utilization=97.4973388276
server_port_99th_utilization=94.205655303
server_port_mean_utilization=4.86137624109
server_port_median_utilization=1.3468584
server_port_num=7084
server_port_std_utilization=17.0712970887
server_port_zero_num=0
