all_port_99.9th_utilization=87.6323211027
all_port_99th_utilization=86.4903582867
all_port_mean_utilization=62.1697915479
all_port_median_utilization=73.4302343667
all_port_num=4536
all_port_std_utilization=21.474390747
all_port_unique_sources=1296
all_port_unique_targets=1296
non_server_port_99.9th_utilization=87.749901
non_server_port_99th_utilization=86.8877673667
non_server_port_mean_utilization=80.7361185027
non_server_port_median_utilization=81.3781265667
non_server_port_num=2376
non_server_port_std_utilization=3.78416773554
non_server_ports_zero_num=0
server_port_99.9th_utilization=58.2719785059
server_port_99th_utilization=55.1056066957
server_port_mean_utilization=41.7468318977
server_port_median_utilization=44.6153029333
server_port_num=2160
server_port_std_utilization=12.5054114921
server_port_zero_num=160
