all_port_99.9th_utilization=95.3521549444
all_port_99th_utilization=89.5628032438
all_port_mean_utilization=6.12925864608
all_port_median_utilization=1.41298865299
all_port_num=11270
all_port_std_utilization=17.3651894947
all_port_unique_sources=3864
all_port_unique_targets=3864
non_server_port_99.9th_utilization=96.5149597458
non_server_port_99th_utilization=90.9316067186
non_server_port_mean_utilization=9.34489862588
non_server_port_median_utilization=2.82498498498
non_server_port_num=4186
non_server_port_std_utilization=19.2335974163
non_server_ports_zero_num=0
server_port_99.9th_utilization=93.3584438319
server_port_99th_utilization=88.3453038521
server_port_mean_utilization=4.22910774892
server_port_median_utilization=1.00776468776
server_port_num=7084
server_port_std_utilization=15.8562859206
server_port_zero_num=0
