all_port_99.9th_utilization=99.4194879883
all_port_99th_utilization=59.3696404933
all_port_mean_utilization=3.63234591869
all_port_median_utilization=0.825200694715
all_port_num=4096
all_port_std_utilization=10.8123565528
all_port_unique_sources=1152
all_port_unique_targets=1152
non_server_port_99.9th_utilization=61.0937458618
non_server_port_99th_utilization=50.3692068339
non_server_port_mean_utilization=4.74815868388
non_server_port_median_utilization=2.1215234434
non_server_port_num=2048
non_server_port_std_utilization=8.91092169714
non_server_ports_zero_num=0
server_port_99.9th_utilization=99.498643549
server_port_99th_utilization=82.236936431
server_port_mean_utilization=2.51653315349
server_port_median_utilization=0.201699843464
server_port_num=2048
server_port_std_utilization=12.3255631394
server_port_zero_num=112
