all_port_99.9th_utilization=30.5376109772
all_port_99th_utilization=26.803230874
all_port_mean_utilization=3.39929170114
all_port_median_utilization=3.75732935
all_port_num=6144
all_port_std_utilization=4.22943117949
all_port_unique_sources=1344
all_port_unique_targets=1344
non_server_port_99.9th_utilization=30.8071252574
non_server_port_99th_utilization=26.5767721138
non_server_port_mean_utilization=3.33847148453
non_server_port_median_utilization=3.6808551
non_server_port_num=4096
non_server_port_std_utilization=4.13814286949
non_server_ports_zero_num=1616
server_port_99.9th_utilization=30.4130697217
server_port_99th_utilization=27.2997875422
server_port_mean_utilization=3.52093213435
server_port_median_utilization=3.91078635
server_port_num=2048
server_port_std_utilization=4.40381844507
server_port_zero_num=848
