all_port_99.9th_utilization=39.5685888037
all_port_99th_utilization=34.988602304
all_port_mean_utilization=15.6956048924
all_port_median_utilization=18.80886384
all_port_num=4536
all_port_std_utilization=11.9159367333
all_port_unique_sources=1296
all_port_unique_targets=1296
non_server_port_99.9th_utilization=40.23830714
non_server_port_99th_utilization=36.330532
non_server_port_mean_utilization=18.4870007113
non_server_port_median_utilization=19.48407731
non_server_port_num=2376
non_server_port_std_utilization=8.41023556448
non_server_ports_zero_num=0
server_port_99.9th_utilization=36.3760718772
server_port_99th_utilization=33.9216541376
server_port_mean_utilization=12.6250694916
server_port_median_utilization=0.0
server_port_num=2160
server_port_std_utilization=14.2258045637
server_port_zero_num=1200
