all_port_99.9th_utilization=70.9714172765
all_port_99th_utilization=53.273617395
all_port_mean_utilization=13.9461235854
all_port_median_utilization=11.2464222
all_port_num=4536
all_port_std_utilization=11.5987956142
all_port_unique_sources=1296
all_port_unique_targets=1296
non_server_port_99.9th_utilization=73.4123649875
non_server_port_99th_utilization=55.4635968
non_server_port_mean_utilization=15.871204885
non_server_port_median_utilization=12.50746595
non_server_port_num=2376
non_server_port_std_utilization=14.1157580823
non_server_ports_zero_num=344
server_port_99.9th_utilization=69.1490713483
server_port_99th_utilization=38.581846875
server_port_mean_utilization=11.8285341559
server_port_median_utilization=11.0033529
server_port_num=2160
server_port_std_utilization=7.40111611209
server_port_zero_num=240
