all_port_99.9th_utilization=9.3798616825
all_port_99th_utilization=8.4444997675
all_port_mean_utilization=0.429603481212
all_port_median_utilization=0.1262501
all_port_num=4096
all_port_std_utilization=1.20438874908
all_port_unique_sources=320
all_port_unique_targets=320
non_server_port_99.9th_utilization=2.3671001501
non_server_port_99th_utilization=2.04857126
non_server_port_mean_utilization=0.41231205661
non_server_port_median_utilization=0.14075305
non_server_port_num=2048
non_server_port_std_utilization=0.541041812614
non_server_ports_zero_num=0
server_port_99.9th_utilization=9.40368157965
server_port_99th_utilization=8.83224286394
server_port_mean_utilization=0.446894905814
server_port_median_utilization=0.1146744
server_port_num=2048
server_port_std_utilization=1.61486231242
server_port_zero_num=0
