all_port_99.9th_utilization=94.650833033
all_port_99th_utilization=93.63276427
all_port_mean_utilization=73.6763851875
all_port_median_utilization=83.6934212
all_port_num=4536
all_port_std_utilization=20.1382792278
all_port_unique_sources=1296
all_port_unique_targets=1296
non_server_port_99.9th_utilization=94.7606076563
non_server_port_99th_utilization=93.92745655
non_server_port_mean_utilization=89.220063848
non_server_port_median_utilization=89.6511184
non_server_port_num=2376
non_server_port_std_utilization=2.82790742408
non_server_ports_zero_num=0
server_port_99.9th_utilization=77.2279857461
server_port_99th_utilization=74.437624239
server_port_mean_utilization=56.578338661
server_port_median_utilization=60.5017987
server_port_num=2160
server_port_std_utilization=16.8745105751
server_port_zero_num=160
