all_port_99.9th_utilization=99.9336818782
all_port_99th_utilization=74.83674666
all_port_mean_utilization=4.38145137723
all_port_median_utilization=1.58007592
all_port_num=4536
all_port_std_utilization=10.8865171243
all_port_unique_sources=1296
all_port_unique_targets=1296
non_server_port_99.9th_utilization=99.2984302275
non_server_port_99th_utilization=77.94189833
non_server_port_mean_utilization=5.4765479137
non_server_port_median_utilization=2.18729896
non_server_port_num=2376
non_server_port_std_utilization=11.3368156113
non_server_ports_zero_num=0
server_port_99.9th_utilization=99.9404998456
server_port_99th_utilization=40.793545582
server_port_mean_utilization=3.17684518713
server_port_median_utilization=1.03346424
server_port_num=2160
server_port_std_utilization=10.2341669196
server_port_zero_num=0
