all_port_99.9th_utilization=67.5476998802
all_port_99th_utilization=61.1047180067
all_port_mean_utilization=27.9510826799
all_port_median_utilization=33.8188245167
all_port_num=4536
all_port_std_utilization=17.7843393653
all_port_unique_sources=1296
all_port_unique_targets=1296
non_server_port_99.9th_utilization=68.7229947833
non_server_port_99th_utilization=63.0435012667
non_server_port_mean_utilization=34.3126678726
non_server_port_median_utilization=34.8046802667
non_server_port_num=2376
non_server_port_std_utilization=13.8522606689
non_server_ports_zero_num=0
server_port_99.9th_utilization=51.9157971008
server_port_99th_utilization=46.913921144
server_port_mean_utilization=20.953338968
server_port_median_utilization=32.8905816
server_port_num=2160
server_port_std_utilization=18.9640430274
server_port_zero_num=960
