all_port_99.9th_utilization=59.6694338389
all_port_99th_utilization=57.0932828213
all_port_mean_utilization=20.6012704792
all_port_median_utilization=13.2322769067
all_port_num=4536
all_port_std_utilization=19.1283370903
all_port_unique_sources=1296
all_port_unique_targets=1296
non_server_port_99.9th_utilization=52.8644305467
non_server_port_99th_utilization=49.0651360267
non_server_port_mean_utilization=24.074503318
non_server_port_median_utilization=27.73527728
non_server_port_num=2376
non_server_port_std_utilization=12.5032161516
non_server_ports_zero_num=0
server_port_99.9th_utilization=60.311867978
server_port_99th_utilization=58.3423479133
server_port_mean_utilization=16.7807143566
server_port_median_utilization=0.0
server_port_num=2160
server_port_std_utilization=23.8442047894
server_port_zero_num=1440
