all_port_99.9th_utilization=58.6666913503
all_port_99th_utilization=54.158579935
all_port_mean_utilization=26.7989075063
all_port_median_utilization=34.13530368
all_port_num=4536
all_port_std_utilization=17.5113489897
all_port_unique_sources=1296
all_port_unique_targets=1296
non_server_port_99.9th_utilization=60.17116813
non_server_port_99th_utilization=55.47858096
non_server_port_mean_utilization=35.8477276827
non_server_port_median_utilization=36.54016189
non_server_port_num=2376
non_server_port_std_utilization=9.34364023515
non_server_ports_zero_num=0
server_port_99.9th_utilization=46.382121773
server_port_99th_utilization=44.0542481138
server_port_mean_utilization=16.8452053121
server_port_median_utilization=0.0
server_port_num=2160
server_port_std_utilization=18.9414888136
server_port_zero_num=1200
