all_port_99.9th_utilization=53.5194317713
all_port_99th_utilization=44.3210952037
all_port_mean_utilization=18.151683834
all_port_median_utilization=17.6601507404
all_port_num=4536
all_port_std_utilization=15.1583717534
all_port_unique_sources=1296
all_port_unique_targets=1296
non_server_port_99.9th_utilization=56.3041054671
non_server_port_99th_utilization=46.9789301162
non_server_port_mean_utilization=24.4298813619
non_server_port_median_utilization=23.7857984056
non_server_port_num=2376
non_server_port_std_utilization=9.02833246293
non_server_ports_zero_num=0
server_port_99.9th_utilization=43.4326454933
server_port_99th_utilization=41.8720762106
server_port_mean_utilization=11.2456665534
server_port_median_utilization=0.0
server_port_num=2160
server_port_std_utilization=17.3729045005
server_port_zero_num=1520
