all_port_99.9th_utilization=29.5215037828
all_port_99th_utilization=25.5364510325
all_port_mean_utilization=3.5742040163
all_port_median_utilization=3.0653326
all_port_num=4536
all_port_std_utilization=3.56827130446
all_port_unique_sources=1296
all_port_unique_targets=1296
non_server_port_99.9th_utilization=28.36482465
non_server_port_99th_utilization=24.293796225
non_server_port_mean_utilization=3.78214111107
non_server_port_median_utilization=3.07018025
non_server_port_num=2376
non_server_port_std_utilization=3.43836476022
non_server_ports_zero_num=0
server_port_99.9th_utilization=29.8177516824
server_port_99th_utilization=26.0686675192
server_port_mean_utilization=3.34547321206
server_port_median_utilization=3.0598706125
server_port_num=2160
server_port_std_utilization=3.69241240495
server_port_zero_num=480
