all_port_99.9th_utilization=97.656372045
all_port_99th_utilization=96.7587655667
all_port_mean_utilization=83.7984987143
all_port_median_utilization=88.0383663333
all_port_num=4536
all_port_std_utilization=17.5880714084
all_port_unique_sources=1296
all_port_unique_targets=1296
non_server_port_99.9th_utilization=97.6803237917
non_server_port_99th_utilization=96.9032416667
non_server_port_mean_utilization=88.0222245362
non_server_port_median_utilization=90.4587216667
non_server_port_num=2376
non_server_port_std_utilization=8.20387127312
non_server_ports_zero_num=0
server_port_99.9th_utilization=97.4488127893
server_port_99th_utilization=96.4320768733
server_port_mean_utilization=79.1524003102
server_port_median_utilization=85.3660695
server_port_num=2160
server_port_std_utilization=23.1164574899
server_port_zero_num=160
