all_port_99.9th_utilization=51.424624619
all_port_99th_utilization=46.600742106
all_port_mean_utilization=20.291880865
all_port_median_utilization=21.70779982
all_port_num=4536
all_port_std_utilization=15.7787153911
all_port_unique_sources=1296
all_port_unique_targets=1296
non_server_port_99.9th_utilization=52.73282089
non_server_port_99th_utilization=47.88860147
non_server_port_mean_utilization=27.2727544966
non_server_port_median_utilization=27.7542816
non_server_port_num=2376
non_server_port_std_utilization=8.99738946706
non_server_ports_zero_num=0
server_port_99.9th_utilization=45.4467274266
server_port_99th_utilization=43.8537454176
server_port_mean_utilization=12.6129198702
server_port_median_utilization=0.0
server_port_num=2160
server_port_std_utilization=17.9223850952
server_port_zero_num=1440
