all_port_99.9th_utilization=99.9498454728
all_port_99th_utilization=50.006144228
all_port_mean_utilization=0.922371256382
all_port_median_utilization=0.00012192
all_port_num=4536
all_port_std_utilization=7.98351341144
all_port_unique_sources=1296
all_port_unique_targets=1296
non_server_port_99.9th_utilization=99.977527845
non_server_port_99th_utilization=50.51150587
non_server_port_mean_utilization=1.01200376347
non_server_port_median_utilization=0.00126096
non_server_port_num=2376
non_server_port_std_utilization=7.71752416039
non_server_ports_zero_num=560
server_port_99.9th_utilization=99.8299915755
server_port_99th_utilization=3.5337368544
server_port_mean_utilization=0.823775498583
server_port_median_utilization=0.0
server_port_num=2160
server_port_std_utilization=8.26509926312
server_port_zero_num=1294
