all_port_99.9th_utilization=54.174377799
all_port_99th_utilization=47.031371216
all_port_mean_utilization=20.1385255082
all_port_median_utilization=21.63281616
all_port_num=4536
all_port_std_utilization=15.7461648651
all_port_unique_sources=1296
all_port_unique_targets=1296
non_server_port_99.9th_utilization=56.7356414
non_server_port_99th_utilization=49.021736615
non_server_port_mean_utilization=26.9804449546
non_server_port_median_utilization=26.81089092
non_server_port_num=2376
non_server_port_std_utilization=9.11264895475
non_server_ports_zero_num=0
server_port_99.9th_utilization=46.6903165616
server_port_99th_utilization=43.4637747948
server_port_mean_utilization=12.6124141171
server_port_median_utilization=0.0
server_port_num=2160
server_port_std_utilization=17.9219914655
server_port_zero_num=1440
