all_port_99.9th_utilization=55.2306521793
all_port_99th_utilization=46.591694012
all_port_mean_utilization=20.2652577042
all_port_median_utilization=21.7534696
all_port_num=4536
all_port_std_utilization=15.7688016807
all_port_unique_sources=1296
all_port_unique_targets=1296
non_server_port_99.9th_utilization=55.81839708
non_server_port_99th_utilization=49.330802685
non_server_port_mean_utilization=27.2227156179
non_server_port_median_utilization=27.1469888
non_server_port_num=2376
non_server_port_std_utilization=9.00433595484
non_server_ports_zero_num=0
server_port_99.9th_utilization=46.6877134688
server_port_99th_utilization=43.447156658
server_port_mean_utilization=12.6120539992
server_port_median_utilization=0.0
server_port_num=2160
server_port_std_utilization=17.9212578052
server_port_zero_num=1440
