all_port_99.9th_utilization=34.3426982666
all_port_99th_utilization=28.7081506937
all_port_mean_utilization=4.14614660842
all_port_median_utilization=2.453366625
all_port_num=4536
all_port_std_utilization=5.21053220274
all_port_unique_sources=1296
all_port_unique_targets=1296
non_server_port_99.9th_utilization=33.092460825
non_server_port_99th_utilization=27.8508749687
non_server_port_mean_utilization=4.88583929564
non_server_port_median_utilization=4.2246926625
non_server_port_num=2376
non_server_port_std_utilization=4.59032250742
non_server_ports_zero_num=0
server_port_99.9th_utilization=38.986935677
server_port_99th_utilization=30.27146066
server_port_mean_utilization=3.33248465248
server_port_median_utilization=0.0
server_port_num=2160
server_port_std_utilization=5.70720455946
server_port_zero_num=1440
