all_port_99.9th_utilization=61.3916615979
all_port_99th_utilization=54.6320057387
all_port_mean_utilization=26.9125609843
all_port_median_utilization=33.7947797867
all_port_num=4536
all_port_std_utilization=17.5874301156
all_port_unique_sources=1296
all_port_unique_targets=1296
non_server_port_99.9th_utilization=62.2817373467
non_server_port_99th_utilization=56.3750010667
non_server_port_mean_utilization=36.1214689564
non_server_port_median_utilization=36.4847358933
non_server_port_num=2376
non_server_port_std_utilization=9.34520788689
non_server_ports_zero_num=0
server_port_99.9th_utilization=48.3851793629
server_port_99th_utilization=45.0677618859
server_port_mean_utilization=16.782762215
server_port_median_utilization=0.0
server_port_num=2160
server_port_std_utilization=18.910413975
server_port_zero_num=1200
