all_port_99.9th_utilization=45.0761706448
all_port_99th_utilization=43.091144864
all_port_mean_utilization=15.7000463271
all_port_median_utilization=10.4582024
all_port_num=4536
all_port_std_utilization=14.5320520795
all_port_unique_sources=1296
all_port_unique_targets=1296
non_server_port_99.9th_utilization=43.03134622
non_server_port_99th_utilization=39.23530973
non_server_port_mean_utilization=18.4999127506
non_server_port_median_utilization=20.91246272
non_server_port_num=2376
non_server_port_std_utilization=9.71347851176
non_server_ports_zero_num=0
server_port_99.9th_utilization=45.4762115683
server_port_99th_utilization=43.891964503
server_port_mean_utilization=12.6201932612
server_port_median_utilization=0.0
server_port_num=2160
server_port_std_utilization=17.932752875
server_port_zero_num=1440
