all_port_99.9th_utilization=51.5149890401
all_port_99th_utilization=46.4789151285
all_port_mean_utilization=20.1889844156
all_port_median_utilization=21.1825004162
all_port_num=4536
all_port_std_utilization=15.7359068122
all_port_unique_sources=1296
all_port_unique_targets=1296
non_server_port_99.9th_utilization=52.8065070867
non_server_port_99th_utilization=48.3697413551
non_server_port_mean_utilization=27.0412039544
non_server_port_median_utilization=28.1647986776
non_server_port_num=2376
non_server_port_std_utilization=9.00124392191
non_server_ports_zero_num=0
server_port_99.9th_utilization=44.9566308147
server_port_99th_utilization=43.0651591324
server_port_mean_utilization=12.6515429229
server_port_median_utilization=0.0
server_port_num=2160
server_port_std_utilization=17.9558776796
server_port_zero_num=1440
