all_port_99.9th_utilization=99.8726197268
all_port_99th_utilization=51.466351038
all_port_mean_utilization=6.55390430501
all_port_median_utilization=4.1254944
all_port_num=4536
all_port_std_utilization=9.90069256264
all_port_unique_sources=1296
all_port_unique_targets=1296
non_server_port_99.9th_utilization=99.3426541763
non_server_port_99th_utilization=56.348962485
non_server_port_mean_utilization=7.08768132129
non_server_port_median_utilization=4.71712096
non_server_port_num=2376
non_server_port_std_utilization=9.44934812253
non_server_ports_zero_num=0
server_port_99.9th_utilization=99.8834790391
server_port_99th_utilization=38.4556482467
server_port_mean_utilization=5.96674958711
server_port_median_utilization=3.42761888
server_port_num=2160
server_port_std_utilization=10.3427481585
server_port_zero_num=0
