all_port_99.9th_utilization=33.0292186148
all_port_99th_utilization=6.97979559
all_port_mean_utilization=0.915937517166
all_port_median_utilization=0.6241624
all_port_num=4536
all_port_std_utilization=2.07471696149
all_port_unique_sources=1296
all_port_unique_targets=1296
non_server_port_99.9th_utilization=33.9560599625
non_server_port_99th_utilization=8.06501766667
non_server_port_mean_utilization=0.962724931061
non_server_port_median_utilization=0.1922621
non_server_port_num=2376
non_server_port_std_utilization=2.30549420927
non_server_ports_zero_num=1090
server_port_99.9th_utilization=29.8160756883
server_port_99th_utilization=5.175939903
server_port_mean_utilization=0.864471361883
server_port_median_utilization=0.703082066667
server_port_num=2160
server_port_std_utilization=1.78534460266
server_port_zero_num=480
