all_port_99.9th_utilization=56.8348455908
all_port_99th_utilization=34.6373260565
all_port_mean_utilization=2.34494459749
all_port_median_utilization=0.632976
all_port_num=2048
all_port_std_utilization=6.03095475062
all_port_unique_sources=128
all_port_unique_targets=128
non_server_port_num=0
server_port_99.9th_utilization=56.8348455908
server_port_99th_utilization=34.6373260565
server_port_mean_utilization=2.34494459749
server_port_median_utilization=0.632976
server_port_num=2048
server_port_std_utilization=6.03095475062
server_port_zero_num=0
