all_port_99.9th_utilization=36.7248013201
all_port_99th_utilization=32.1420306493
all_port_mean_utilization=11.3349746015
all_port_median_utilization=8.71710016
all_port_num=4536
all_port_std_utilization=10.4406878377
all_port_unique_sources=1296
all_port_unique_targets=1296
non_server_port_99.9th_utilization=37.8335467733
non_server_port_99th_utilization=33.66032768
non_server_port_mean_utilization=13.9787792469
non_server_port_median_utilization=14.9578007467
non_server_port_num=2376
non_server_port_std_utilization=7.94247641092
non_server_ports_zero_num=0
server_port_99.9th_utilization=30.3591789041
server_port_99th_utilization=29.2672123477
server_port_mean_utilization=8.42678949154
server_port_median_utilization=0.0
server_port_num=2160
server_port_std_utilization=11.9741088467
server_port_zero_num=1440
