all_port_99.9th_utilization=99.2236193683
all_port_99th_utilization=98.7924404667
all_port_mean_utilization=77.1099795775
all_port_median_utilization=86.694122625
all_port_num=4536
all_port_std_utilization=21.148460267
all_port_unique_sources=1296
all_port_unique_targets=1296
non_server_port_99.9th_utilization=99.3219336667
non_server_port_99th_utilization=98.9800025
non_server_port_mean_utilization=93.0081646721
non_server_port_median_utilization=93.1762270833
non_server_port_num=2376
non_server_port_std_utilization=3.73076686455
non_server_ports_zero_num=0
server_port_99.9th_utilization=84.915028879
server_port_99th_utilization=81.0542773633
server_port_mean_utilization=59.6219759735
server_port_median_utilization=63.9724370833
server_port_num=2160
server_port_std_utilization=18.4410468431
server_port_zero_num=160
