all_port_99.9th_utilization=41.5390016069
all_port_99th_utilization=39.4548070827
all_port_mean_utilization=5.26003901432
all_port_median_utilization=1.20482453333
all_port_num=4536
all_port_std_utilization=9.6573423609
all_port_unique_sources=1296
all_port_unique_targets=1296
non_server_port_99.9th_utilization=30.8558097358
non_server_port_99th_utilization=25.179859485
non_server_port_mean_utilization=6.20766332068
non_server_port_median_utilization=3.00823077333
non_server_port_num=2376
non_server_port_std_utilization=6.81767500718
non_server_ports_zero_num=14
server_port_99.9th_utilization=42.3118373579
server_port_99th_utilization=40.4968141141
server_port_mean_utilization=4.21765227733
server_port_median_utilization=0.0
server_port_num=2160
server_port_std_utilization=11.9436939942
server_port_zero_num=1920
