all_port_99.9th_utilization=95.5917716396
all_port_99th_utilization=87.1795050272
all_port_mean_utilization=27.6045421774
all_port_median_utilization=33.1699922134
all_port_num=4536
all_port_std_utilization=24.2381114844
all_port_unique_sources=1296
all_port_unique_targets=1296
non_server_port_99.9th_utilization=96.0514270842
non_server_port_99th_utilization=90.2209841644
non_server_port_mean_utilization=32.3159832434
non_server_port_median_utilization=29.6595226911
non_server_port_num=2376
non_server_port_std_utilization=27.4871237652
non_server_ports_zero_num=717
server_port_99.9th_utilization=46.8784507239
server_port_99th_utilization=44.3524091564
server_port_mean_utilization=22.4219570049
server_port_median_utilization=34.6325035466
server_port_num=2160
server_port_std_utilization=18.7442763968
server_port_zero_num=880
