all_port_99.9th_utilization=72.9745934265
all_port_99th_utilization=67.661829436
all_port_mean_utilization=3.45988783732
all_port_median_utilization=0.9716084
all_port_num=6144
all_port_std_utilization=10.7355129125
all_port_unique_sources=1344
all_port_unique_targets=1344
non_server_port_99.9th_utilization=70.8907684475
non_server_port_99th_utilization=66.7489887462
non_server_port_mean_utilization=3.4141697194
non_server_port_median_utilization=1.0018584
non_server_port_num=4096
non_server_port_std_utilization=9.52894077656
non_server_ports_zero_num=0
server_port_99.9th_utilization=73.9313533901
server_port_99th_utilization=69.694857976
server_port_mean_utilization=3.55132407316
server_port_median_utilization=0.916328
server_port_num=2048
server_port_std_utilization=12.8117035151
server_port_zero_num=0
