all_port_99.9th_utilization=76.5012428801
all_port_99th_utilization=73.5859510612
all_port_mean_utilization=46.1861657934
all_port_median_utilization=48.5379704005
all_port_num=4536
all_port_std_utilization=20.1563927892
all_port_unique_sources=1296
all_port_unique_targets=1296
non_server_port_99.9th_utilization=76.7934261359
non_server_port_99th_utilization=74.6672677923
non_server_port_mean_utilization=61.5023470052
non_server_port_median_utilization=62.3580668431
non_server_port_num=2376
non_server_port_std_utilization=6.93032138316
non_server_ports_zero_num=0
server_port_99.9th_utilization=50.3243827842
server_port_99th_utilization=46.8733365589
server_port_mean_utilization=29.3383664605
server_port_median_utilization=36.2278547079
server_port_num=2160
server_port_std_utilization=16.0768086909
server_port_zero_num=480
