all_port_99.9th_utilization=34.2706943015
all_port_99th_utilization=9.90856749
all_port_mean_utilization=0.983031782944
all_port_median_utilization=0.104662183333
all_port_num=4536
all_port_std_utilization=2.56828993617
all_port_unique_sources=1296
all_port_unique_targets=1296
non_server_port_99.9th_utilization=30.5574983875
non_server_port_99th_utilization=8.00735794167
non_server_port_mean_utilization=1.094525182
non_server_port_median_utilization=0.301436133333
non_server_port_num=2376
non_server_port_std_utilization=2.21134052197
non_server_ports_zero_num=92
server_port_99.9th_utilization=34.4095086511
server_port_99th_utilization=10.607349964
server_port_mean_utilization=0.860389043981
server_port_median_utilization=0.0
server_port_num=2160
server_port_std_utilization=2.90587216172
server_port_zero_num=1920
