all_port_99.9th_utilization=97.5768767258
all_port_99th_utilization=94.460854488
all_port_mean_utilization=10.4893808365
all_port_median_utilization=2.2569104
all_port_num=11270
all_port_std_utilization=19.9927338634
all_port_unique_sources=3864
all_port_unique_targets=3864
non_server_port_99.9th_utilization=97.250519452
non_server_port_99th_utilization=92.41219104
non_server_port_mean_utilization=20.0024564565
non_server_port_median_utilization=13.8923044
non_server_port_num=4186
non_server_port_std_utilization=20.5171513577
non_server_ports_zero_num=0
server_port_99.9th_utilization=97.6226006466
server_port_99th_utilization=95.09467368
server_port_mean_utilization=4.86801797017
server_port_median_utilization=1.291308
server_port_num=7084
server_port_std_utilization=17.3804461806
server_port_zero_num=0
