all_port_99.9th_utilization=97.570932004
all_port_99th_utilization=96.2958948133
all_port_mean_utilization=48.3778650728
all_port_median_utilization=52.6456672
all_port_num=4536
all_port_std_utilization=36.6408517173
all_port_unique_sources=1296
all_port_unique_targets=1296
non_server_port_99.9th_utilization=96.1601357667
non_server_port_99th_utilization=94.7300764667
non_server_port_mean_utilization=64.4734952083
non_server_port_median_utilization=69.7548422
non_server_port_num=2376
non_server_port_std_utilization=17.4721909436
non_server_ports_zero_num=0
server_port_99.9th_utilization=97.9881495395
server_port_99th_utilization=96.743028896
server_port_mean_utilization=30.6726719237
server_port_median_utilization=0.0
server_port_num=2160
server_port_std_utilization=43.4177834963
server_port_zero_num=1440
