all_port_99.9th_utilization=29.7916792043
all_port_99th_utilization=5.71875429833
all_port_mean_utilization=0.929310283252
all_port_median_utilization=0.744906783333
all_port_num=4536
all_port_std_utilization=1.76923423012
all_port_unique_sources=1296
all_port_unique_targets=1296
non_server_port_99.9th_utilization=28.3560634875
non_server_port_99th_utilization=5.86717270833
non_server_port_mean_utilization=0.987673957926
non_server_port_median_utilization=0.717004516667
non_server_port_num=2376
non_server_port_std_utilization=1.70429955186
non_server_ports_zero_num=0
server_port_99.9th_utilization=30.2385605856
server_port_99th_utilization=5.411435168
server_port_mean_utilization=0.865110241111
server_port_median_utilization=0.768666433333
server_port_num=2160
server_port_std_utilization=1.83587288331
server_port_zero_num=720
