all_port_99.9th_utilization=97.2840922448
all_port_99th_utilization=95.352091584
all_port_mean_utilization=5.74132861265
all_port_median_utilization=1.23498128
all_port_num=4536
all_port_std_utilization=14.9315270419
all_port_unique_sources=1296
all_port_unique_targets=1296
non_server_port_99.9th_utilization=58.25529776
non_server_port_99th_utilization=50.47738096
non_server_port_mean_utilization=7.74181005829
non_server_port_median_utilization=5.12108432
non_server_port_num=2376
non_server_port_std_utilization=10.9936834611
non_server_ports_zero_num=4
server_port_99.9th_utilization=97.6317961872
server_port_99th_utilization=95.864911132
server_port_mean_utilization=3.54079902245
server_port_median_utilization=0.0
server_port_num=2160
server_port_std_utilization=18.0555923981
server_port_zero_num=2080
