all_port_99.9th_utilization=40.4642521036
all_port_99th_utilization=36.904105872
all_port_mean_utilization=20.1374230385
all_port_median_utilization=19.73620208
all_port_num=4536
all_port_std_utilization=9.32785142831
all_port_unique_sources=1296
all_port_unique_targets=1296
non_server_port_99.9th_utilization=41.0616558
non_server_port_99th_utilization=38.092576885
non_server_port_mean_utilization=26.9692472528
non_server_port_median_utilization=27.15696496
non_server_port_num=2376
non_server_port_std_utilization=4.89169837498
non_server_ports_zero_num=0
server_port_99.9th_utilization=22.4774678003
server_port_99th_utilization=21.056620809
server_port_mean_utilization=12.6224164027
server_port_median_utilization=15.4784688
server_port_num=2160
server_port_std_utilization=6.96996358909
server_port_zero_num=480
