all_port_99.9th_utilization=25.12851616
all_port_99th_utilization=23.6228302656
all_port_mean_utilization=12.9270055502
all_port_median_utilization=17.22245309
all_port_num=6144
all_port_std_utilization=8.65030976009
all_port_unique_sources=1344
all_port_unique_targets=1344
non_server_port_99.9th_utilization=25.7648544832
non_server_port_99th_utilization=23.581549375
non_server_port_mean_utilization=12.7294088391
non_server_port_median_utilization=16.93172412
non_server_port_num=4096
non_server_port_std_utilization=8.54359503239
non_server_ports_zero_num=1120
server_port_99.9th_utilization=24.6504251402
server_port_99th_utilization=23.7884923286
server_port_mean_utilization=13.3221989726
server_port_median_utilization=17.71179072
server_port_num=2048
server_port_std_utilization=8.84665348706
server_port_zero_num=608
