all_port_99.9th_utilization=9.4919628712
all_port_99th_utilization=8.13574303467
all_port_mean_utilization=2.83909086532
all_port_median_utilization=2.17242581333
all_port_num=4536
all_port_std_utilization=2.62463543403
all_port_unique_sources=1296
all_port_unique_targets=1296
non_server_port_99.9th_utilization=9.66719959333
non_server_port_99th_utilization=8.67548012
non_server_port_mean_utilization=3.50162883083
non_server_port_median_utilization=3.73443522667
non_server_port_num=2376
non_server_port_std_utilization=2.01376545509
non_server_ports_zero_num=0
server_port_99.9th_utilization=7.59610559003
server_port_99th_utilization=7.32028901867
server_port_mean_utilization=2.11029910325
server_port_median_utilization=0.0
server_port_num=2160
server_port_std_utilization=2.99858756027
server_port_zero_num=1440
