all_port_99.9th_utilization=37.0434844243
all_port_99th_utilization=34.07752669
all_port_mean_utilization=2.57192574074
all_port_median_utilization=0.8705024
all_port_num=4096
all_port_std_utilization=5.73756047208
all_port_unique_sources=1152
all_port_unique_targets=1152
non_server_port_99.9th_utilization=35.8717870482
non_server_port_99th_utilization=22.3991455821
non_server_port_mean_utilization=3.35827979873
non_server_port_median_utilization=1.975209
non_server_port_num=2048
non_server_port_std_utilization=4.7959349569
non_server_ports_zero_num=0
server_port_99.9th_utilization=37.1739779306
server_port_99th_utilization=35.452980748
server_port_mean_utilization=1.78557168275
server_port_median_utilization=0.4586186
server_port_num=2048
server_port_std_utilization=6.44992269889
server_port_zero_num=0
