all_port_99.9th_utilization=90.0693635357
all_port_99th_utilization=59.8397779557
all_port_mean_utilization=3.02319303789
all_port_median_utilization=0.782102055593
all_port_num=4096
all_port_std_utilization=10.4376088631
all_port_unique_sources=1152
all_port_unique_targets=1152
non_server_port_99.9th_utilization=93.4795972003
non_server_port_99th_utilization=54.6339510525
non_server_port_mean_utilization=2.94631053383
non_server_port_median_utilization=0.744051292484
non_server_port_num=2048
non_server_port_std_utilization=9.65001687223
non_server_ports_zero_num=0
server_port_99.9th_utilization=64.5897615241
server_port_99th_utilization=60.8473104066
server_port_mean_utilization=3.10007554196
server_port_median_utilization=0.802415699245
server_port_num=2048
server_port_std_utilization=11.1692752713
server_port_zero_num=0
