all_port_99.9th_utilization=20.8110249103
all_port_99th_utilization=15.4609218346
all_port_mean_utilization=3.13894227347
all_port_median_utilization=1.98913334167
all_port_num=4536
all_port_std_utilization=3.51371031751
all_port_unique_sources=1296
all_port_unique_targets=1296
non_server_port_99.9th_utilization=20.5929814135
non_server_port_99th_utilization=16.3727249812
non_server_port_mean_utilization=3.98708520354
non_server_port_median_utilization=2.77321932083
non_server_port_num=2376
non_server_port_std_utilization=3.32873735791
non_server_ports_zero_num=0
server_port_99.9th_utilization=20.798856204
server_port_99th_utilization=13.4071308057
server_port_mean_utilization=2.20598505041
server_port_median_utilization=0.0
server_port_num=2160
server_port_std_utilization=3.47515532309
server_port_zero_num=1440
