all_port_99.9th_utilization=67.8986069146
all_port_99th_utilization=39.629452064
all_port_mean_utilization=13.5837808771
all_port_median_utilization=14.14440632
all_port_num=4536
all_port_std_utilization=7.2582210489
all_port_unique_sources=1296
all_port_unique_targets=1296
non_server_port_99.9th_utilization=47.0630716963
non_server_port_99th_utilization=40.60672848
non_server_port_mean_utilization=18.2536379337
non_server_port_median_utilization=17.65475176
non_server_port_num=2376
non_server_port_std_utilization=4.45260352244
non_server_ports_zero_num=0
server_port_99.9th_utilization=68.2787394734
server_port_99th_utilization=24.7783443829
server_port_mean_utilization=8.44693811478
server_port_median_utilization=7.01468848
server_port_num=2160
server_port_std_utilization=6.20064528424
server_port_zero_num=0
