all_port_99.9th_utilization=55.4457814663
all_port_99th_utilization=50.2249404433
all_port_mean_utilization=25.6638315514
all_port_median_utilization=30.8985858667
all_port_num=4536
all_port_std_utilization=15.9969628096
all_port_unique_sources=1296
all_port_unique_targets=1296
non_server_port_99.9th_utilization=57.4714394417
non_server_port_99th_utilization=51.68613165
non_server_port_mean_utilization=29.9334001024
non_server_port_median_utilization=29.9811605667
non_server_port_num=2376
non_server_port_std_utilization=11.0847516631
non_server_ports_zero_num=0
server_port_99.9th_utilization=51.9216771163
server_port_99th_utilization=46.9446383093
server_port_mean_utilization=20.9673061454
server_port_median_utilization=32.9166480667
server_port_num=2160
server_port_std_utilization=18.977026657
server_port_zero_num=960
