all_port_99.9th_utilization=59.6555631792
all_port_99th_utilization=57.0855048467
all_port_mean_utilization=18.329072713
all_port_median_utilization=9.26885290667
all_port_num=4536
all_port_std_utilization=18.6959096366
all_port_unique_sources=1296
all_port_unique_targets=1296
non_server_port_99.9th_utilization=48.7219581833
non_server_port_99th_utilization=44.0512741467
non_server_port_mean_utilization=19.733716502
non_server_port_median_utilization=23.1770048
non_server_port_num=2376
non_server_port_std_utilization=12.0870742795
non_server_ports_zero_num=0
server_port_99.9th_utilization=60.1683386789
server_port_99th_utilization=58.2931896096
server_port_mean_utilization=16.7839645452
server_port_median_utilization=0.0
server_port_num=2160
server_port_std_utilization=23.8487524003
server_port_zero_num=1440
