all_port_99.9th_utilization=25.2219682717
all_port_99th_utilization=23.42784504
all_port_mean_utilization=12.9785847034
all_port_median_utilization=17.18037134
all_port_num=6144
all_port_std_utilization=8.55299152453
all_port_unique_sources=1344
all_port_unique_targets=1344
non_server_port_99.9th_utilization=25.186368116
non_server_port_99th_utilization=23.291638765
non_server_port_mean_utilization=12.8073588554
non_server_port_median_utilization=16.91044432
non_server_port_num=4096
non_server_port_std_utilization=8.40410399694
non_server_ports_zero_num=1120
server_port_99.9th_utilization=25.3707994547
server_port_99th_utilization=23.6469492468
server_port_mean_utilization=13.3210363993
server_port_median_utilization=17.78072076
server_port_num=2048
server_port_std_utilization=8.8332980436
server_port_zero_num=608
