all_port_99.9th_utilization=81.909628016
all_port_99th_utilization=79.8518008867
all_port_mean_utilization=57.3499961571
all_port_median_utilization=61.4130953
all_port_num=4536
all_port_std_utilization=17.5749854935
all_port_unique_sources=1296
all_port_unique_targets=1296
non_server_port_99.9th_utilization=82.0256146208
non_server_port_99th_utilization=80.5771545
non_server_port_mean_utilization=71.4763168793
non_server_port_median_utilization=72.2511745167
non_server_port_num=2376
non_server_port_std_utilization=5.29417773595
non_server_ports_zero_num=0
server_port_99.9th_utilization=58.3534245988
server_port_99th_utilization=55.2322167787
server_port_mean_utilization=41.8110433626
server_port_median_utilization=44.7042045333
server_port_num=2160
server_port_std_utilization=12.523969307
server_port_zero_num=160
