all_port_99.9th_utilization=99.920077978
all_port_99th_utilization=45.2048752545
all_port_mean_utilization=3.12063720649
all_port_median_utilization=1.24149624
all_port_num=4536
all_port_std_utilization=9.51469293863
all_port_unique_sources=1296
all_port_unique_targets=1296
non_server_port_99.9th_utilization=91.86826471
non_server_port_99th_utilization=51.43450673
non_server_port_mean_utilization=4.44267830076
non_server_port_median_utilization=2.245892
non_server_port_num=2376
non_server_port_std_utilization=9.08967917208
non_server_ports_zero_num=0
server_port_99.9th_utilization=99.9242132209
server_port_99th_utilization=26.6572128941
server_port_mean_utilization=1.66639200281
server_port_median_utilization=0.17698248
server_port_num=2160
server_port_std_utilization=9.75652634778
server_port_zero_num=0
