all_port_99.9th_utilization=99.4296150529
all_port_99th_utilization=39.633762944
all_port_mean_utilization=0.878733238693
all_port_median_utilization=8.96e-05
all_port_num=4536
all_port_std_utilization=7.70525408125
all_port_unique_sources=1296
all_port_unique_targets=1296
non_server_port_99.9th_utilization=99.66708774
non_server_port_99th_utilization=49.26588037
non_server_port_mean_utilization=0.943568970518
non_server_port_median_utilization=0.00108264
non_server_port_num=2376
non_server_port_std_utilization=7.31212825958
non_server_ports_zero_num=666
server_port_99.9th_utilization=99.3995984566
server_port_99th_utilization=3.4927689808
server_port_mean_utilization=0.807413933685
server_port_median_utilization=0.0
server_port_num=2160
server_port_std_utilization=8.11512925487
server_port_zero_num=1294
