all_port_99.9th_utilization=41.4943018783
all_port_99th_utilization=28.6893265568
all_port_mean_utilization=1.85164803647
all_port_median_utilization=0.40095056
all_port_num=11270
all_port_std_utilization=5.56730421812
all_port_unique_sources=3864
all_port_unique_targets=3864
non_server_port_99.9th_utilization=45.0650518942
non_server_port_99th_utilization=35.4203943985
non_server_port_mean_utilization=2.81866287503
non_server_port_median_utilization=0.78230272
non_server_port_num=4186
non_server_port_std_utilization=6.458115619
non_server_ports_zero_num=0
server_port_99.9th_utilization=29.3983662464
server_port_99th_utilization=27.0348576629
server_port_mean_utilization=1.28023017732
server_port_median_utilization=0.291172
server_port_num=7084
server_port_std_utilization=4.87706314973
server_port_zero_num=0
