all_port_99.9th_utilization=36.9097056573
all_port_99th_utilization=26.4651422239
all_port_mean_utilization=1.54997026937
all_port_median_utilization=0.386065343546
all_port_num=4096
all_port_std_utilization=4.72797775065
all_port_unique_sources=1152
all_port_unique_targets=1152
non_server_port_99.9th_utilization=41.8332715718
non_server_port_99th_utilization=25.2608937016
non_server_port_mean_utilization=1.76006778727
non_server_port_median_utilization=0.476730160218
non_server_port_num=2048
non_server_port_std_utilization=4.60325132108
non_server_ports_zero_num=0
server_port_99.9th_utilization=27.8808263498
server_port_99th_utilization=26.6152618343
server_port_mean_utilization=1.33987275147
server_port_median_utilization=0.343962875116
server_port_num=2048
server_port_std_utilization=4.84038661288
server_port_zero_num=0
