all_port_99.9th_utilization=30.9417177792
all_port_99th_utilization=27.714072128
all_port_mean_utilization=15.4919536589
all_port_median_utilization=16.33853783
all_port_num=4536
all_port_std_utilization=6.68356091109
all_port_unique_sources=1296
all_port_unique_targets=1296
non_server_port_99.9th_utilization=31.82139244
non_server_port_99th_utilization=29.206588945
non_server_port_mean_utilization=18.0930269085
non_server_port_median_utilization=18.456
non_server_port_num=2376
non_server_port_std_utilization=5.18168334982
non_server_ports_zero_num=0
server_port_99.9th_utilization=22.4778554169
server_port_99th_utilization=21.0559720118
server_port_mean_utilization=12.6307730844
server_port_median_utilization=15.48046032
server_port_num=2160
server_port_std_utilization=6.97450001388
server_port_zero_num=480
