all_port_99.9th_utilization=33.4033299771
all_port_99th_utilization=17.36757807
all_port_mean_utilization=0.870649479529
all_port_median_utilization=0.2214629
all_port_num=4096
all_port_std_utilization=3.1250791753
all_port_unique_sources=1152
all_port_unique_targets=1152
non_server_port_99.9th_utilization=36.7663222623
non_server_port_99th_utilization=15.095282964
non_server_port_mean_utilization=0.847694901764
non_server_port_median_utilization=0.2091117
non_server_port_num=2048
non_server_port_std_utilization=3.01810082492
non_server_ports_zero_num=0
server_port_99.9th_utilization=18.587164249
server_port_99th_utilization=17.745903818
server_port_mean_utilization=0.893604057294
server_port_median_utilization=0.2293093
server_port_num=2048
server_port_std_utilization=3.22835148165
server_port_zero_num=0
