all_port_99.9th_utilization=98.1123736296
all_port_99th_utilization=96.279370808
all_port_mean_utilization=16.8424759601
all_port_median_utilization=11.17485808
all_port_num=4536
all_port_std_utilization=24.4434442811
all_port_unique_sources=1296
all_port_unique_targets=1296
non_server_port_99.9th_utilization=89.22225931
non_server_port_99th_utilization=72.23027544
non_server_port_mean_utilization=22.5941207469
non_server_port_median_utilization=15.3143744
non_server_port_num=2376
non_server_port_std_utilization=16.3282410475
non_server_ports_zero_num=0
server_port_99.9th_utilization=98.2343385651
server_port_99th_utilization=97.0860737112
server_port_mean_utilization=10.5156666945
server_port_median_utilization=0.0
server_port_num=2160
server_port_std_utilization=29.749310197
server_port_zero_num=1920
