all_port_99.9th_utilization=97.2142232687
all_port_99th_utilization=80.2684990169
all_port_mean_utilization=5.85435328845
all_port_median_utilization=1.65306325
all_port_num=2048
all_port_std_utilization=14.1069419533
all_port_unique_sources=128
all_port_unique_targets=128
non_server_port_num=0
server_port_99.9th_utilization=97.2142232687
server_port_99th_utilization=80.2684990169
server_port_mean_utilization=5.85435328845
server_port_median_utilization=1.65306325
server_port_num=2048
server_port_std_utilization=14.1069419533
server_port_zero_num=0
