all_port_99.9th_utilization=46.9622100576
all_port_99th_utilization=42.032989262
all_port_mean_utilization=20.2001254947
all_port_median_utilization=22.85666688
all_port_num=4536
all_port_std_utilization=11.7755796765
all_port_unique_sources=1296
all_port_unique_targets=1296
non_server_port_99.9th_utilization=47.350952965
non_server_port_99th_utilization=43.549844
non_server_port_mean_utilization=27.0928131985
non_server_port_median_utilization=26.880348
non_server_port_num=2376
non_server_port_std_utilization=6.81346835878
non_server_ports_zero_num=0
server_port_99.9th_utilization=30.2906642134
server_port_99th_utilization=28.170918848
server_port_mean_utilization=12.6181690205
server_port_median_utilization=19.769096
server_port_num=2160
server_port_std_utilization=11.4185451257
server_port_zero_num=960
