all_port_99.9th_utilization=98.720771208
all_port_99th_utilization=97.2273545867
all_port_mean_utilization=38.0146416522
all_port_median_utilization=23.8630738
all_port_num=4536
all_port_std_utilization=35.0767449634
all_port_unique_sources=1296
all_port_unique_targets=1296
non_server_port_99.9th_utilization=90.8496781333
non_server_port_99th_utilization=87.1582528
non_server_port_mean_utilization=44.3681615151
non_server_port_median_utilization=53.0926038
non_server_port_num=2376
non_server_port_std_utilization=22.6095139037
non_server_ports_zero_num=0
server_port_99.9th_utilization=98.8787877656
server_port_99th_utilization=97.8985111013
server_port_mean_utilization=31.0257698031
server_port_median_utilization=0.0
server_port_num=2160
server_port_std_utilization=43.9116895768
server_port_zero_num=1440
