all_port_99.9th_utilization=41.805086842
all_port_99th_utilization=39.7273300152
all_port_mean_utilization=9.01308113836
all_port_median_utilization=6.48357037946
all_port_num=4536
all_port_std_utilization=11.1905593206
all_port_unique_sources=1296
all_port_unique_targets=1296
non_server_port_99.9th_utilization=40.9638274606
non_server_port_99th_utilization=36.0317447748
non_server_port_mean_utilization=12.0892964047
non_server_port_median_utilization=8.94466370497
non_server_port_num=2376
non_server_port_std_utilization=7.29453633881
non_server_ports_zero_num=0
server_port_99.9th_utilization=41.8533036639
server_port_99th_utilization=40.1259549344
server_port_mean_utilization=5.62924434538
server_port_median_utilization=0.0
server_port_num=2160
server_port_std_utilization=13.5125515476
server_port_zero_num=1840
