all_port_99.9th_utilization=74.8354078093
all_port_99th_utilization=60.670605595
all_port_mean_utilization=15.6058166011
all_port_median_utilization=16.28918384
all_port_num=4536
all_port_std_utilization=14.880020118
all_port_unique_sources=1296
all_port_unique_targets=1296
non_server_port_99.9th_utilization=76.1597898
non_server_port_99th_utilization=64.441650625
non_server_port_mean_utilization=18.3185238147
non_server_port_median_utilization=15.06077664
non_server_port_num=2376
non_server_port_std_utilization=16.989798936
non_server_ports_zero_num=727
server_port_99.9th_utilization=30.3457974822
server_port_99th_utilization=28.2349700992
server_port_mean_utilization=12.6218386662
server_port_median_utilization=19.76981792
server_port_num=2160
server_port_std_utilization=11.4216513619
server_port_zero_num=960
