all_port_99.9th_utilization=46.1997530992
all_port_99th_utilization=41.218867536
all_port_mean_utilization=20.3604662072
all_port_median_utilization=23.03717984
all_port_num=4536
all_port_std_utilization=11.8217662184
all_port_unique_sources=1296
all_port_unique_targets=1296
non_server_port_99.9th_utilization=46.75487784
non_server_port_99th_utilization=42.86567585
non_server_port_mean_utilization=27.3983404683
non_server_port_median_utilization=27.07377302
non_server_port_num=2376
non_server_port_std_utilization=6.65168302894
non_server_ports_zero_num=0
server_port_99.9th_utilization=30.2945280534
server_port_99th_utilization=28.1621002124
server_port_mean_utilization=12.6188045199
server_port_median_utilization=19.766624
server_port_num=2160
server_port_std_utilization=11.4191149245
server_port_zero_num=960
