all_port_99.9th_utilization=44.7029267792
all_port_99th_utilization=41.5747783465
all_port_mean_utilization=13.4952666133
all_port_median_utilization=11.26079928
all_port_num=4536
all_port_std_utilization=13.3714167651
all_port_unique_sources=1296
all_port_unique_targets=1296
non_server_port_99.9th_utilization=45.08307618
non_server_port_99th_utilization=39.220104
non_server_port_mean_utilization=18.0885373901
non_server_port_median_utilization=14.37488808
non_server_port_num=2376
non_server_port_std_utilization=8.31991382575
non_server_ports_zero_num=0
server_port_99.9th_utilization=44.4188953045
server_port_99th_utilization=41.8871473425
server_port_mean_utilization=8.44266875881
server_port_median_utilization=0.0
server_port_num=2160
server_port_std_utilization=15.8300124262
server_port_zero_num=1680
