all_port_99.9th_utilization=24.7992997175
all_port_99th_utilization=17.48772628
all_port_mean_utilization=1.03421932082
all_port_median_utilization=0.2572358
all_port_num=4096
all_port_std_utilization=3.16484586789
all_port_unique_sources=1152
all_port_unique_targets=1152
non_server_port_99.9th_utilization=28.1073423251
non_server_port_99th_utilization=16.67144485
non_server_port_mean_utilization=1.17483650313
non_server_port_median_utilization=0.3174003
non_server_port_num=2048
non_server_port_std_utilization=3.09362468856
non_server_ports_zero_num=0
server_port_99.9th_utilization=18.5872892722
server_port_99th_utilization=17.74627556
server_port_mean_utilization=0.893602138513
server_port_median_utilization=0.2293093
server_port_num=2048
server_port_std_utilization=3.22838018787
server_port_zero_num=0
