all_port_99.9th_utilization=40.3508505352
all_port_99th_utilization=38.6849741475
all_port_mean_utilization=4.56780648442
all_port_median_utilization=2.46983549772
all_port_num=4536
all_port_std_utilization=8.03348147949
all_port_unique_sources=1296
all_port_unique_targets=1296
non_server_port_99.9th_utilization=22.9931313711
non_server_port_99th_utilization=21.0172976579
non_server_port_mean_utilization=6.15870459355
non_server_port_median_utilization=4.49970526119
non_server_port_num=2376
non_server_port_std_utilization=5.25046382613
non_server_ports_zero_num=0
server_port_99.9th_utilization=40.5493204854
server_port_99th_utilization=39.2401487179
server_port_mean_utilization=2.81781856438
server_port_median_utilization=0.0
server_port_num=2160
server_port_std_utilization=9.96778381633
server_port_zero_num=2000
