all_port_99.9th_utilization=44.5731527721
all_port_99th_utilization=40.198450272
all_port_mean_utilization=20.303356231
all_port_median_utilization=22.968164
all_port_num=4536
all_port_std_utilization=11.7422860766
all_port_unique_sources=1296
all_port_unique_targets=1296
non_server_port_99.9th_utilization=45.6918265
non_server_port_99th_utilization=41.77973936
non_server_port_mean_utilization=27.2892713966
non_server_port_median_utilization=27.30665568
non_server_port_num=2376
non_server_port_std_utilization=6.49256192929
non_server_ports_zero_num=0
server_port_99.9th_utilization=31.1585799603
server_port_99th_utilization=28.2475608288
server_port_mean_utilization=12.6188495489
server_port_median_utilization=19.79951605
server_port_num=2160
server_port_std_utilization=11.4213415006
server_port_zero_num=960
