all_port_99.9th_utilization=46.2836247075
all_port_99th_utilization=42.516312925
all_port_mean_utilization=3.24229774942
all_port_median_utilization=1.09898975
all_port_num=4096
all_port_std_utilization=7.15720741868
all_port_unique_sources=1152
all_port_unique_targets=1152
non_server_port_99.9th_utilization=43.4709198879
non_server_port_99th_utilization=27.8502299375
non_server_port_mean_utilization=4.25363879788
non_server_port_median_utilization=2.510246625
non_server_port_num=2048
non_server_port_std_utilization=5.95566658407
non_server_ports_zero_num=0
server_port_99.9th_utilization=46.4663390788
server_port_99th_utilization=44.2682585666
server_port_mean_utilization=2.23095670096
server_port_median_utilization=0.57327325
server_port_num=2048
server_port_std_utilization=8.05826595335
server_port_zero_num=0
