all_port_99.9th_utilization=88.5051100693
all_port_99th_utilization=76.8056710785
all_port_mean_utilization=4.56209411559
all_port_median_utilization=1.17020148725
all_port_num=4096
all_port_std_utilization=13.5031816902
all_port_unique_sources=1152
all_port_unique_targets=1152
non_server_port_99.9th_utilization=90.1689496568
non_server_port_99th_utilization=73.513690019
non_server_port_mean_utilization=5.1471583457
non_server_port_median_utilization=1.43018933726
non_server_port_num=2048
non_server_port_std_utilization=12.5997547204
non_server_ports_zero_num=0
server_port_99.9th_utilization=82.7458959485
server_port_99th_utilization=78.1918172932
server_port_mean_utilization=3.97702988549
server_port_median_utilization=1.03041141199
server_port_num=2048
server_port_std_utilization=14.3259698518
server_port_zero_num=0
