all_port_99.9th_utilization=99.9578279966
all_port_99th_utilization=58.953557749
all_port_mean_utilization=2.19965221293
all_port_median_utilization=0.28564984
all_port_num=4536
all_port_std_utilization=9.70406591415
all_port_unique_sources=1296
all_port_unique_targets=1296
non_server_port_99.9th_utilization=99.87495527
non_server_port_99th_utilization=59.79287314
non_server_port_mean_utilization=2.69334821455
non_server_port_median_utilization=0.43444896
non_server_port_num=2376
non_server_port_std_utilization=9.64221784118
non_server_ports_zero_num=1
server_port_99.9th_utilization=99.9596343093
server_port_99th_utilization=25.4749142288
server_port_mean_utilization=1.65658661115
server_port_median_utilization=0.17717648
server_port_num=2160
server_port_std_utilization=9.74279472782
server_port_zero_num=0
