all_port_99.9th_utilization=15.5519416683
all_port_99th_utilization=8.287450568
all_port_mean_utilization=0.605788268896
all_port_median_utilization=0.1605184
all_port_num=2048
all_port_std_utilization=1.57422208688
all_port_unique_sources=128
all_port_unique_targets=128
non_server_port_num=0
server_port_99.9th_utilization=15.5519416683
server_port_99th_utilization=8.287450568
server_port_mean_utilization=0.605788268896
server_port_median_utilization=0.1605184
server_port_num=2048
server_port_std_utilization=1.57422208688
server_port_zero_num=0
