all_port_99.9th_utilization=64.8173154405
all_port_99th_utilization=59.4033963627
all_port_mean_utilization=22.5373521327
all_port_median_utilization=18.3127829333
all_port_num=4536
all_port_std_utilization=20.371643679
all_port_unique_sources=1296
all_port_unique_targets=1296
non_server_port_99.9th_utilization=66.5085902933
non_server_port_99th_utilization=60.87939808
non_server_port_mean_utilization=27.7779932872
non_server_port_median_utilization=30.4528981467
non_server_port_num=2376
non_server_port_std_utilization=14.7730185982
non_server_ports_zero_num=0
server_port_99.9th_utilization=60.1227369367
server_port_99th_utilization=58.3715002731
server_port_mean_utilization=16.7726468628
server_port_median_utilization=0.0
server_port_num=2160
server_port_std_utilization=23.8327349269
server_port_zero_num=1440
