all_port_99.9th_utilization=36.145798281
all_port_99th_utilization=15.295043982
all_port_mean_utilization=0.847748077478
all_port_median_utilization=0.2119124
all_port_num=2048
all_port_std_utilization=2.99896846176
all_port_unique_sources=128
all_port_unique_targets=128
non_server_port_num=0
server_port_99.9th_utilization=36.145798281
server_port_99th_utilization=15.295043982
server_port_mean_utilization=0.847748077478
server_port_median_utilization=0.2119124
server_port_num=2048
server_port_std_utilization=2.99896846176
server_port_zero_num=0
