all_port_99.9th_utilization=18.4842681605
all_port_99th_utilization=16.398715296
all_port_mean_utilization=6.75420766556
all_port_median_utilization=7.02283610667
all_port_num=4536
all_port_std_utilization=5.33637094973
all_port_unique_sources=1296
all_port_unique_targets=1296
non_server_port_99.9th_utilization=18.6513588533
non_server_port_99th_utilization=17.22098
non_server_port_mean_utilization=9.05935148986
non_server_port_median_utilization=9.19847532667
non_server_port_num=2376
non_server_port_std_utilization=3.24670803504
non_server_ports_zero_num=0
server_port_99.9th_utilization=15.181456074
server_port_99th_utilization=14.6405780373
server_port_mean_utilization=4.21854945884
server_port_median_utilization=0.0
server_port_num=2160
server_port_std_utilization=5.99429324851
server_port_zero_num=1440
