all_port_99.9th_utilization=61.1189825513
all_port_99th_utilization=53.2476455508
all_port_mean_utilization=28.0302941365
all_port_median_utilization=25.4203519417
all_port_num=4536
all_port_std_utilization=10.1435841076
all_port_unique_sources=1296
all_port_unique_targets=1296
non_server_port_99.9th_utilization=61.6641298667
non_server_port_99th_utilization=55.5171443333
non_server_port_mean_utilization=34.3567194319
non_server_port_median_utilization=33.4479321333
non_server_port_num=2376
non_server_port_std_utilization=8.72567050653
non_server_ports_zero_num=0
server_port_99.9th_utilization=29.3989517547
server_port_99th_utilization=27.7994902678
server_port_mean_utilization=21.0712263116
server_port_median_utilization=22.5151947417
server_port_num=2160
server_port_std_utilization=6.31412075195
server_port_zero_num=160
