all_port_99.9th_utilization=31.1905718299
all_port_99th_utilization=27.0633636287
all_port_mean_utilization=3.91531976049
all_port_median_utilization=3.692725725
all_port_num=4536
all_port_std_utilization=4.30397818204
all_port_unique_sources=1296
all_port_unique_targets=1296
non_server_port_99.9th_utilization=30.2031921875
non_server_port_99th_utilization=26.803219575
non_server_port_mean_utilization=4.43766558557
non_server_port_median_utilization=3.5857250625
non_server_port_num=2376
non_server_port_std_utilization=4.12565618438
non_server_ports_zero_num=0
server_port_99.9th_utilization=31.3667778661
server_port_99th_utilization=27.7800150197
server_port_mean_utilization=3.34073935291
server_port_median_utilization=3.8094650625
server_port_num=2160
server_port_std_utilization=4.42125141033
server_port_zero_num=960
