all_port_99.9th_utilization=7.5579040704
all_port_99th_utilization=7.16542623467
all_port_mean_utilization=2.30444523356
all_port_median_utilization=1.12915541333
all_port_num=4536
all_port_std_utilization=2.3634716404
all_port_unique_sources=1296
all_port_unique_targets=1296
non_server_port_99.9th_utilization=6.44706938
non_server_port_99th_utilization=5.85856562667
non_server_port_mean_utilization=2.48092972941
non_server_port_median_utilization=2.84899034667
non_server_port_num=2376
non_server_port_std_utilization=1.55709271694
non_server_ports_zero_num=0
server_port_99.9th_utilization=7.59612291182
server_port_99th_utilization=7.32028901867
server_port_mean_utilization=2.11031228812
server_port_median_utilization=0.0
server_port_num=2160
server_port_std_utilization=2.99860895282
server_port_zero_num=1440
