all_port_99.9th_utilization=96.997592872
all_port_99th_utilization=94.4639902075
all_port_mean_utilization=45.4687388881
all_port_median_utilization=50.944188075
all_port_num=4536
all_port_std_utilization=34.1322047374
all_port_unique_sources=1296
all_port_unique_targets=1296
non_server_port_99.9th_utilization=86.464446325
non_server_port_99th_utilization=84.3429636
non_server_port_mean_utilization=60.4425061566
non_server_port_median_utilization=65.56636805
non_server_port_num=2376
non_server_port_std_utilization=14.7000696647
non_server_ports_zero_num=0
server_port_99.9th_utilization=97.1171025876
server_port_99th_utilization=95.3760893895
server_port_mean_utilization=28.9975948927
server_port_median_utilization=0.0
server_port_num=2160
server_port_std_utilization=41.120318897
server_port_zero_num=1440
