all_port_99.9th_utilization=44.3511250583
all_port_99th_utilization=41.0780157913
all_port_mean_utilization=9.28982175366
all_port_median_utilization=2.78880789333
all_port_num=4536
all_port_std_utilization=12.5979754941
all_port_unique_sources=1296
all_port_unique_targets=1296
non_server_port_99.9th_utilization=34.5939098667
non_server_port_99th_utilization=28.2100134367
non_server_port_mean_utilization=10.0759024129
non_server_port_median_utilization=5.12497888
non_server_port_num=2376
non_server_port_std_utilization=8.63513285422
non_server_ports_zero_num=0
server_port_99.9th_utilization=44.6376470204
server_port_99th_utilization=41.9514389424
server_port_mean_utilization=8.42513302845
server_port_median_utilization=0.0
server_port_num=2160
server_port_std_utilization=15.8063088268
server_port_zero_num=1680
