all_port_99.9th_utilization=57.5167990781
all_port_99th_utilization=52.7970255627
all_port_mean_utilization=35.7301057798
all_port_median_utilization=37.5603268267
all_port_num=4536
all_port_std_utilization=10.6619016778
all_port_unique_sources=1296
all_port_unique_targets=1296
non_server_port_99.9th_utilization=59.5545868533
non_server_port_99th_utilization=53.50977024
non_server_port_mean_utilization=37.8412154221
non_server_port_median_utilization=38.6341777067
non_server_port_num=2376
non_server_port_std_utilization=7.88996549695
non_server_ports_zero_num=0
server_port_99.9th_utilization=54.4439403947
server_port_99th_utilization=48.6323707093
server_port_mean_utilization=33.4078851733
server_port_median_utilization=36.6632917067
server_port_num=2160
server_port_std_utilization=12.6470560827
server_port_zero_num=240
