all_port_99.9th_utilization=99.4635712562
all_port_99th_utilization=96.3595128836
all_port_mean_utilization=8.11495218971
all_port_median_utilization=2.57982103097
all_port_num=2048
all_port_std_utilization=17.8757503021
all_port_unique_sources=128
all_port_unique_targets=128
non_server_port_num=0
server_port_99.9th_utilization=99.4635712562
server_port_99th_utilization=96.3595128836
server_port_mean_utilization=8.11495218971
server_port_median_utilization=2.57982103097
server_port_num=2048
server_port_std_utilization=17.8757503021
server_port_zero_num=0
