all_port_99.9th_utilization=2.12175360373
all_port_99th_utilization=1.43743324112
all_port_mean_utilization=0.0927025070807
all_port_median_utilization=0.02004864
all_port_num=11270
all_port_std_utilization=0.279893014832
all_port_unique_sources=3864
all_port_unique_targets=3864
non_server_port_99.9th_utilization=2.36579562768
non_server_port_99th_utilization=1.7918134592
non_server_port_mean_utilization=0.141119096702
non_server_port_median_utilization=0.03916164
non_server_port_num=4186
non_server_port_std_utilization=0.326012147806
non_server_ports_zero_num=0
server_port_99.9th_utilization=1.47360697246
server_port_99th_utilization=1.3549562832
server_port_mean_utilization=0.064092704123
server_port_median_utilization=0.01456564
server_port_num=7084
server_port_std_utilization=0.244180531806
server_port_zero_num=0
