all_port_99.9th_utilization=86.245164192
all_port_99th_utilization=83.92636447
all_port_mean_utilization=66.3104275848
all_port_median_utilization=69.1705297
all_port_num=4536
all_port_std_utilization=15.2623980709
all_port_unique_sources=1296
all_port_unique_targets=1296
non_server_port_99.9th_utilization=86.5761789125
non_server_port_99th_utilization=84.627365375
non_server_port_mean_utilization=70.1538704498
non_server_port_median_utilization=72.44840515
non_server_port_num=2376
non_server_port_std_utilization=10.025331104
non_server_ports_zero_num=0
server_port_99.9th_utilization=86.0113256774
server_port_99th_utilization=81.784666026
server_port_mean_utilization=62.0826404334
server_port_median_utilization=66.43482245
server_port_num=2160
server_port_std_utilization=18.5605559335
server_port_zero_num=160
