all_port_99.9th_utilization=32.5520688455
all_port_99th_utilization=25.9203758262
all_port_mean_utilization=4.69947667702
all_port_median_utilization=3.712290075
all_port_num=4536
all_port_std_utilization=4.19938452614
all_port_unique_sources=1296
all_port_unique_targets=1296
non_server_port_99.9th_utilization=36.9599645219
non_server_port_99th_utilization=27.6715140875
non_server_port_mean_utilization=5.94612502014
non_server_port_median_utilization=4.70623945
non_server_port_num=2376
non_server_port_std_utilization=4.49536868052
non_server_ports_zero_num=0
server_port_99.9th_utilization=27.2445675689
server_port_99th_utilization=24.314468995
server_port_mean_utilization=3.32816349959
server_port_median_utilization=2.780418975
server_port_num=2160
server_port_std_utilization=3.3487199307
server_port_zero_num=240
