all_port_99.9th_utilization=44.0806069068
all_port_99th_utilization=28.1538876602
all_port_mean_utilization=4.19118613774
all_port_median_utilization=2.45000575
all_port_num=2048
all_port_std_utilization=5.91730504752
all_port_unique_sources=128
all_port_unique_targets=128
non_server_port_num=0
server_port_99.9th_utilization=44.0806069068
server_port_99th_utilization=28.1538876602
server_port_mean_utilization=4.19118613774
server_port_median_utilization=2.45000575
server_port_num=2048
server_port_std_utilization=5.91730504752
server_port_zero_num=0
