all_port_99.9th_utilization=31.6379820368
all_port_99th_utilization=9.57215496167
all_port_mean_utilization=1.21247880163
all_port_median_utilization=0.350582233333
all_port_num=4536
all_port_std_utilization=2.59601526953
all_port_unique_sources=1296
all_port_unique_targets=1296
non_server_port_99.9th_utilization=31.5508702292
non_server_port_99th_utilization=10.7131749167
non_server_port_mean_utilization=1.53103978697
non_server_port_median_utilization=0.712102866667
non_server_port_num=2376
non_server_port_std_utilization=2.78867200204
non_server_ports_zero_num=0
server_port_99.9th_utilization=31.5774398538
server_port_99th_utilization=7.47910749933
server_port_mean_utilization=0.862061717762
server_port_median_utilization=0.0
server_port_num=2160
server_port_std_utilization=2.31597453669
server_port_zero_num=1680
