all_port_99.9th_utilization=39.7071697813
all_port_99th_utilization=20.6778063417
all_port_mean_utilization=1.37778701011
all_port_median_utilization=0.178088216667
all_port_num=4536
all_port_std_utilization=3.94367288158
all_port_unique_sources=1296
all_port_unique_targets=1296
non_server_port_99.9th_utilization=30.7791115625
non_server_port_99th_utilization=15.52279295
non_server_port_mean_utilization=1.85508435
non_server_port_median_utilization=0.87151505
non_server_port_num=2376
non_server_port_std_utilization=3.19083379765
non_server_ports_zero_num=4
server_port_99.9th_utilization=46.2734118491
server_port_99th_utilization=23.9775767883
server_port_mean_utilization=0.852759936235
server_port_median_utilization=0.0
server_port_num=2160
server_port_std_utilization=4.57542974624
server_port_zero_num=2080
