all_port_99.9th_utilization=75.8549683256
all_port_99th_utilization=41.5184205029
all_port_mean_utilization=2.54246625243
all_port_median_utilization=0.546974171429
all_port_num=4096
all_port_std_utilization=7.73567433259
all_port_unique_sources=1152
all_port_unique_targets=1152
non_server_port_99.9th_utilization=44.8420859158
non_server_port_99th_utilization=36.1929672016
non_server_port_mean_utilization=3.31558781789
non_server_port_median_utilization=1.50054708571
non_server_port_num=2048
non_server_port_std_utilization=6.33092062103
non_server_ports_zero_num=0
server_port_99.9th_utilization=77.3153454795
server_port_99th_utilization=55.8626979691
server_port_mean_utilization=1.76934468696
server_port_median_utilization=0.135705257143
server_port_num=2048
server_port_std_utilization=8.8546781387
server_port_zero_num=112
