all_port_99.9th_utilization=33.969383347
all_port_99th_utilization=10.5930443233
all_port_mean_utilization=1.39705120852
all_port_median_utilization=0.6185112
all_port_num=4536
all_port_std_utilization=2.85854674316
all_port_unique_sources=1296
all_port_unique_targets=1296
non_server_port_99.9th_utilization=33.1422235292
non_server_port_99th_utilization=10.38805985
non_server_port_mean_utilization=1.88536392344
non_server_port_median_utilization=1.02018036667
non_server_port_num=2376
non_server_port_std_utilization=2.72747537363
non_server_ports_zero_num=0
server_port_99.9th_utilization=34.4094521359
server_port_99th_utilization=10.5507232193
server_port_mean_utilization=0.859907222099
server_port_median_utilization=0.0
server_port_num=2160
server_port_std_utilization=2.90273248997
server_port_zero_num=1920
