all_port_99.9th_utilization=93.2436298205
all_port_99th_utilization=73.38905077
all_port_mean_utilization=12.6582271622
all_port_median_utilization=10.41752755
all_port_num=4536
all_port_std_utilization=14.3077490391
all_port_unique_sources=1296
all_port_unique_targets=1296
non_server_port_99.9th_utilization=96.0980735875
non_server_port_99th_utilization=76.6652904
non_server_port_mean_utilization=13.6178047666
non_server_port_median_utilization=7.4584842
non_server_port_num=2376
non_server_port_std_utilization=18.5292403771
non_server_ports_zero_num=1082
server_port_99.9th_utilization=62.7162666761
server_port_99th_utilization=36.538059828
server_port_mean_utilization=11.6026917974
server_port_median_utilization=10.8887763
server_port_num=2160
server_port_std_utilization=7.07824035586
server_port_zero_num=240
