all_port_99.9th_utilization=61.6650597955
all_port_99th_utilization=54.9090142427
all_port_mean_utilization=22.4633613695
all_port_median_utilization=27.40850648
all_port_num=4536
all_port_std_utilization=17.0881326727
all_port_unique_sources=1296
all_port_unique_targets=1296
non_server_port_99.9th_utilization=62.9978121067
non_server_port_99th_utilization=57.28170884
non_server_port_mean_utilization=27.6205115987
non_server_port_median_utilization=28.49026624
non_server_port_num=2376
non_server_port_std_utilization=13.2747523284
non_server_ports_zero_num=0
server_port_99.9th_utilization=48.4417525137
server_port_99th_utilization=45.0992226816
server_port_mean_utilization=16.7904961175
server_port_median_utilization=0.0
server_port_num=2160
server_port_std_utilization=18.9190594766
server_port_zero_num=1200
