all_port_99.9th_utilization=20.2377609213
all_port_99th_utilization=13.58551206
all_port_mean_utilization=3.55908659413
all_port_median_utilization=3.41240389583
all_port_num=4536
all_port_std_utilization=3.34010465925
all_port_unique_sources=1296
all_port_unique_targets=1296
non_server_port_99.9th_utilization=16.7370970344
non_server_port_99th_utilization=13.8137695979
non_server_port_mean_utilization=4.78859203292
non_server_port_median_utilization=4.22139513333
non_server_port_num=2376
non_server_port_std_utilization=2.67181078745
non_server_ports_zero_num=0
server_port_99.9th_utilization=21.3641876718
server_port_99th_utilization=13.3235876622
server_port_mean_utilization=2.20663061145
server_port_median_utilization=0.0
server_port_num=2160
server_port_std_utilization=3.47617733138
server_port_zero_num=1440
