all_port_99.9th_utilization=34.9360045908
all_port_99th_utilization=10.60375196
all_port_mean_utilization=1.39026726185
all_port_median_utilization=0.5912739
all_port_num=4536
all_port_std_utilization=2.92610615288
all_port_unique_sources=1296
all_port_unique_targets=1296
non_server_port_99.9th_utilization=34.0149954208
non_server_port_99th_utilization=11.3195195167
non_server_port_mean_utilization=1.87596470004
non_server_port_median_utilization=1.0036988
non_server_port_num=2376
non_server_port_std_utilization=2.88953341963
non_server_ports_zero_num=0
server_port_99.9th_utilization=35.1757317255
server_port_99th_utilization=10.363765539
server_port_mean_utilization=0.856000079846
server_port_median_utilization=0.0
server_port_num=2160
server_port_std_utilization=2.8724774695
server_port_zero_num=1920
