all_port_99.9th_utilization=98.0145927035
all_port_99th_utilization=76.193325255
all_port_mean_utilization=4.07141989471
all_port_median_utilization=1.090934625
all_port_num=2048
all_port_std_utilization=12.3856306483
all_port_unique_sources=128
all_port_unique_targets=128
non_server_port_num=0
server_port_99.9th_utilization=98.0145927035
server_port_99th_utilization=76.193325255
server_port_mean_utilization=4.07141989471
server_port_median_utilization=1.090934625
server_port_num=2048
server_port_std_utilization=12.3856306483
server_port_zero_num=0
