all_port_99.9th_utilization=30.4667935625
all_port_99th_utilization=6.42473433333
all_port_mean_utilization=1.06920820888
all_port_median_utilization=0.894014216667
all_port_num=4536
all_port_std_utilization=1.95596924507
all_port_unique_sources=1296
all_port_unique_targets=1296
non_server_port_99.9th_utilization=30.2307929708
non_server_port_99th_utilization=7.08401765
non_server_port_mean_utilization=1.2551532342
non_server_port_median_utilization=0.947861316667
non_server_port_num=2376
non_server_port_std_utilization=1.92548300973
non_server_ports_zero_num=0
server_port_99.9th_utilization=30.5558363158
server_port_99th_utilization=6.00835946267
server_port_mean_utilization=0.864668681019
server_port_median_utilization=0.0
server_port_num=2160
server_port_std_utilization=1.96878391782
server_port_zero_num=1200
