all_port_99.9th_utilization=97.8483143996
all_port_99th_utilization=94.2807039042
all_port_mean_utilization=7.53529868125
all_port_median_utilization=3.01262233222
all_port_num=4096
all_port_std_utilization=15.8489002131
all_port_unique_sources=1152
all_port_unique_targets=1152
non_server_port_99.9th_utilization=89.2154349383
non_server_port_99th_utilization=60.7015769693
non_server_port_mean_utilization=9.80445284862
non_server_port_median_utilization=6.00901201408
non_server_port_num=2048
non_server_port_std_utilization=13.0186072958
non_server_ports_zero_num=0
server_port_99.9th_utilization=98.0820055139
server_port_99th_utilization=96.3212010425
server_port_mean_utilization=5.26614451387
server_port_median_utilization=1.54299353593
server_port_num=2048
server_port_std_utilization=17.9608746651
server_port_zero_num=0
