all_port_99.9th_utilization=95.6620189682
all_port_99th_utilization=91.6988746892
all_port_mean_utilization=9.82903582767
all_port_median_utilization=1.93784416
all_port_num=11270
all_port_std_utilization=19.3131560944
all_port_unique_sources=3864
all_port_unique_targets=3864
non_server_port_99.9th_utilization=94.5331837512
non_server_port_99th_utilization=88.410262136
non_server_port_mean_utilization=18.7312456577
non_server_port_median_utilization=12.77345248
non_server_port_num=4186
non_server_port_std_utilization=19.8614394174
non_server_ports_zero_num=0
server_port_99.9th_utilization=96.1323948453
server_port_99th_utilization=93.0911461764
server_port_mean_utilization=4.56863910995
server_port_median_utilization=1.12059968
server_port_num=7084
server_port_std_utilization=16.9057701539
server_port_zero_num=0
