all_port_99.9th_utilization=66.2262703502
all_port_99th_utilization=61.662536626
all_port_mean_utilization=20.047725134
all_port_median_utilization=17.13241072
all_port_num=4536
all_port_std_utilization=19.7283097635
all_port_unique_sources=1296
all_port_unique_targets=1296
non_server_port_99.9th_utilization=60.75451245
non_server_port_99th_utilization=55.5596708
non_server_port_mean_utilization=26.822699497
non_server_port_median_utilization=21.87105696
non_server_port_num=2376
non_server_port_std_utilization=11.7916294199
non_server_ports_zero_num=0
server_port_99.9th_utilization=66.9093312019
server_port_99th_utilization=62.7355013724
server_port_mean_utilization=12.5952533347
server_port_median_utilization=0.0
server_port_num=2160
server_port_std_utilization=23.6295707694
server_port_zero_num=1680
