all_port_99.9th_utilization=82.1739105317
all_port_99th_utilization=74.6874557327
all_port_mean_utilization=5.74098189833
all_port_median_utilization=2.01256623429
all_port_num=4096
all_port_std_utilization=12.6315939113
all_port_unique_sources=1152
all_port_unique_targets=1152
non_server_port_99.9th_utilization=68.5599854834
non_server_port_99th_utilization=48.3707098069
non_server_port_mean_utilization=7.50232139075
non_server_port_median_utilization=4.38606239242
non_server_port_num=2048
non_server_port_std_utilization=10.3581527735
non_server_ports_zero_num=0
server_port_99.9th_utilization=82.7369374037
server_port_99th_utilization=78.2262224662
server_port_mean_utilization=3.9796424059
server_port_median_utilization=1.03041141199
server_port_num=2048
server_port_std_utilization=14.3393991152
server_port_zero_num=0
