all_port_99.9th_utilization=29.1377205376
all_port_99th_utilization=27.600187752
all_port_mean_utilization=21.8328671705
all_port_median_utilization=22.225600075
all_port_num=6144
all_port_std_utilization=3.67956854067
all_port_unique_sources=1344
all_port_unique_targets=1344
non_server_port_99.9th_utilization=29.0887620013
non_server_port_99th_utilization=27.2081875867
non_server_port_mean_utilization=21.6326613321
non_server_port_median_utilization=21.9838974667
non_server_port_num=4096
non_server_port_std_utilization=3.46426867677
non_server_ports_zero_num=48
server_port_99.9th_utilization=29.2955072835
server_port_99th_utilization=27.8951915155
server_port_mean_utilization=22.2332788474
server_port_median_utilization=22.7174337
server_port_num=2048
server_port_std_utilization=4.04658680129
server_port_zero_num=48
