all_port_99.9th_utilization=18.5979133412
all_port_99th_utilization=14.0590093192
all_port_mean_utilization=3.55014066964
all_port_median_utilization=2.96276745833
all_port_num=4536
all_port_std_utilization=3.50115536941
all_port_unique_sources=1296
all_port_unique_targets=1296
non_server_port_99.9th_utilization=17.8132865521
non_server_port_99th_utilization=14.0798672583
non_server_port_mean_utilization=4.77096374854
non_server_port_median_utilization=4.24057905
non_server_port_num=2376
non_server_port_std_utilization=2.779257963
non_server_ports_zero_num=0
server_port_99.9th_utilization=18.7015250043
server_port_99th_utilization=14.0178642571
server_port_mean_utilization=2.20723528284
server_port_median_utilization=0.0
server_port_num=2160
server_port_std_utilization=3.71516347679
server_port_zero_num=1520
