all_port_99.9th_utilization=62.820892032
all_port_99th_utilization=59.05959094
all_port_mean_utilization=26.8342456532
all_port_median_utilization=29.1448345467
all_port_num=4536
all_port_std_utilization=20.6357979708
all_port_unique_sources=1296
all_port_unique_targets=1296
non_server_port_99.9th_utilization=63.6647561067
non_server_port_99th_utilization=59.9136829533
non_server_port_mean_utilization=35.9840693389
non_server_port_median_utilization=37.19693992
non_server_port_num=2376
non_server_port_std_utilization=10.9999266418
non_server_ports_zero_num=0
server_port_99.9th_utilization=59.9985855311
server_port_99th_utilization=58.2523743147
server_port_mean_utilization=16.7694395989
server_port_median_utilization=0.0
server_port_num=2160
server_port_std_utilization=23.827844743
server_port_zero_num=1440
