all_port_99.9th_utilization=34.13585898
all_port_99th_utilization=9.863204045
all_port_mean_utilization=1.03838064412
all_port_median_utilization=0.144782666667
all_port_num=4536
all_port_std_utilization=2.74840006178
all_port_unique_sources=1296
all_port_unique_targets=1296
non_server_port_99.9th_utilization=31.1071734333
non_server_port_99th_utilization=8.05021804167
non_server_port_mean_utilization=1.20014817015
non_server_port_median_utilization=0.36722005
non_server_port_num=2376
non_server_port_std_utilization=2.5864016405
non_server_ports_zero_num=2
server_port_99.9th_utilization=34.4095086511
server_port_99th_utilization=10.660474228
server_port_mean_utilization=0.860436365494
server_port_median_utilization=0.0
server_port_num=2160
server_port_std_utilization=2.90583990036
server_port_zero_num=1920
