all_port_99.9th_utilization=98.7947525427
all_port_99th_utilization=97.4220442133
all_port_mean_utilization=33.9427508944
all_port_median_utilization=16.4110826667
all_port_num=4536
all_port_std_utilization=34.4765376184
all_port_unique_sources=1296
all_port_unique_targets=1296
non_server_port_99.9th_utilization=87.0664578
non_server_port_99th_utilization=81.1617742667
non_server_port_mean_utilization=36.5396577163
non_server_port_median_utilization=44.0370869333
non_server_port_num=2376
non_server_port_std_utilization=22.2548374602
non_server_ports_zero_num=0
server_port_99.9th_utilization=99.0459205872
server_port_99th_utilization=97.9495972427
server_port_mean_utilization=31.0861533903
server_port_median_utilization=0.0
server_port_num=2160
server_port_std_utilization=43.9970728646
server_port_zero_num=1440
