all_port_99.9th_utilization=23.1818088993
all_port_99th_utilization=13.0873615826
all_port_mean_utilization=0.505796147162
all_port_median_utilization=0.0503368571429
all_port_num=4096
all_port_std_utilization=2.31523109726
all_port_unique_sources=1152
all_port_unique_targets=1152
non_server_port_99.9th_utilization=25.4414565471
non_server_port_99th_utilization=12.3234634338
non_server_port_mean_utilization=0.568610815325
non_server_port_median_utilization=0.0610523428571
non_server_port_num=2048
non_server_port_std_utilization=2.40755203143
non_server_ports_zero_num=3
server_port_99.9th_utilization=19.3928366202
server_port_99th_utilization=13.9757547314
server_port_mean_utilization=0.442981478999
server_port_median_utilization=0.0339263142857
server_port_num=2048
server_port_std_utilization=2.21729382769
server_port_zero_num=112
