all_port_99.9th_utilization=31.3571335954
all_port_99th_utilization=27.1700310537
all_port_mean_utilization=4.15705634738
all_port_median_utilization=3.914757025
all_port_num=4536
all_port_std_utilization=4.32799840095
all_port_unique_sources=1296
all_port_unique_targets=1296
non_server_port_99.9th_utilization=30.7181898188
non_server_port_99th_utilization=26.8290241375
non_server_port_mean_utilization=4.89209879699
non_server_port_median_utilization=4.01629075
non_server_port_num=2376
non_server_port_std_utilization=4.08910697994
non_server_ports_zero_num=0
server_port_99.9th_utilization=31.3212779393
server_port_99th_utilization=27.7800150197
server_port_mean_utilization=3.3485096528
server_port_median_utilization=3.8094650625
server_port_num=2160
server_port_std_utilization=4.43794523963
server_port_zero_num=960
