all_port_99.9th_utilization=65.952595707
all_port_99th_utilization=61.298648845
all_port_mean_utilization=33.5575047223
all_port_median_utilization=38.576693925
all_port_num=4536
all_port_std_utilization=18.8552106266
all_port_unique_sources=1296
all_port_unique_targets=1296
non_server_port_99.9th_utilization=66.5067315594
non_server_port_99th_utilization=62.4831959938
non_server_port_mean_utilization=44.9439785171
non_server_port_median_utilization=45.3217976
non_server_port_num=2376
non_server_port_std_utilization=8.87889872255
non_server_ports_zero_num=0
server_port_99.9th_utilization=49.0261528568
server_port_99th_utilization=45.8116694192
server_port_mean_utilization=21.0323835481
server_port_median_utilization=33.5840978
server_port_num=2160
server_port_std_utilization=18.9835687133
server_port_zero_num=960
