all_port_99.9th_utilization=99.7455779787
all_port_99th_utilization=56.345752248
all_port_mean_utilization=7.66674977887
all_port_median_utilization=5.11908504
all_port_num=4536
all_port_std_utilization=10.2247089293
all_port_unique_sources=1296
all_port_unique_targets=1296
non_server_port_99.9th_utilization=91.5122734925
non_server_port_99th_utilization=65.0304340875
non_server_port_mean_utilization=9.2060874657
non_server_port_median_utilization=6.63102936
non_server_port_num=2376
non_server_port_std_utilization=9.87726719885
non_server_ports_zero_num=0
server_port_99.9th_utilization=99.8527873912
server_port_99th_utilization=38.6669939967
server_port_mean_utilization=5.97347832337
server_port_median_utilization=3.44517952
server_port_num=2160
server_port_std_utilization=10.3321672369
server_port_zero_num=0
