all_port_99.9th_utilization=59.7338123708
all_port_99th_utilization=49.1554892156
all_port_mean_utilization=20.3927634376
all_port_median_utilization=19.9161090524
all_port_num=4536
all_port_std_utilization=16.9834651234
all_port_unique_sources=1296
all_port_unique_targets=1296
non_server_port_99.9th_utilization=60.3395939183
non_server_port_99th_utilization=51.4942755807
non_server_port_mean_utilization=27.4356855009
non_server_port_median_utilization=26.9487568595
non_server_port_num=2376
non_server_port_std_utilization=9.9773494476
non_server_ports_zero_num=0
server_port_99.9th_utilization=48.810861053
server_port_99th_utilization=47.0856760194
server_port_mean_utilization=12.6455491681
server_port_median_utilization=0.0
server_port_num=2160
server_port_std_utilization=19.5354901784
server_port_zero_num=1520
