all_port_99.9th_utilization=31.3724351715
all_port_99th_utilization=5.80173292167
all_port_mean_utilization=1.06988430938
all_port_median_utilization=0.80783665
all_port_num=4536
all_port_std_utilization=1.86937944985
all_port_unique_sources=1296
all_port_unique_targets=1296
non_server_port_99.9th_utilization=31.4527826542
non_server_port_99th_utilization=6.15645799167
non_server_port_mean_utilization=1.25640000345
non_server_port_median_utilization=0.946012383333
non_server_port_num=2376
non_server_port_std_utilization=1.92672629337
non_server_ports_zero_num=0
server_port_99.9th_utilization=29.7934885365
server_port_99th_utilization=5.410322539
server_port_mean_utilization=0.86471704591
server_port_median_utilization=0.700635066667
server_port_num=2160
server_port_std_utilization=1.78178417793
server_port_zero_num=480
