all_port_99.9th_utilization=98.0051646732
all_port_99th_utilization=74.5332845608
all_port_mean_utilization=2.8037888853
all_port_median_utilization=0.303808737075
all_port_num=4096
all_port_std_utilization=11.9686475487
all_port_unique_sources=1152
all_port_unique_targets=1152
non_server_port_99.9th_utilization=98.3871664182
non_server_port_99th_utilization=70.371909617
non_server_port_mean_utilization=3.11378824181
non_server_port_median_utilization=0.374938505335
non_server_port_num=2048
non_server_port_std_utilization=11.7779354206
non_server_ports_zero_num=3
server_port_99.9th_utilization=97.3619130841
server_port_99th_utilization=81.2275695545
server_port_mean_utilization=2.49378952879
server_port_median_utilization=0.202166643631
server_port_num=2048
server_port_std_utilization=12.1484602446
server_port_zero_num=112
