all_port_99.9th_utilization=98.5717019792
all_port_99th_utilization=97.408757672
all_port_mean_utilization=17.0320284378
all_port_median_utilization=11.48676118
all_port_num=4536
all_port_std_utilization=24.5480063174
all_port_unique_sources=1296
all_port_unique_targets=1296
non_server_port_99.9th_utilization=88.2778237
non_server_port_99th_utilization=63.86172596
non_server_port_mean_utilization=22.8494434764
non_server_port_median_utilization=15.77453818
non_server_port_num=2376
non_server_port_std_utilization=16.0250760764
non_server_ports_zero_num=0
server_port_99.9th_utilization=98.6740963962
server_port_99th_utilization=97.9897505072
server_port_mean_utilization=10.6328718954
server_port_median_utilization=0.0
server_port_num=2160
server_port_std_utilization=30.0800692519
server_port_zero_num=1920
