all_port_99.9th_utilization=27.94848687
all_port_99th_utilization=25.6153245971
all_port_mean_utilization=1.28814483867
all_port_median_utilization=0.378069318533
all_port_num=4096
all_port_std_utilization=3.61110782017
all_port_unique_sources=320
all_port_unique_targets=320
non_server_port_99.9th_utilization=7.02158315085
non_server_port_99th_utilization=6.21120100912
non_server_port_mean_utilization=1.23631050595
non_server_port_median_utilization=0.423202377493
non_server_port_num=2048
non_server_port_std_utilization=1.62190652654
non_server_ports_zero_num=0
server_port_99.9th_utilization=28.3225195059
server_port_99th_utilization=26.4185409051
server_port_mean_utilization=1.3399791714
server_port_median_utilization=0.343891775338
server_port_num=2048
server_port_std_utilization=4.84192575334
server_port_zero_num=0
