all_port_99.9th_utilization=51.16575535
all_port_99th_utilization=46.648125687
all_port_mean_utilization=20.129688122
all_port_median_utilization=21.23276752
all_port_num=4536
all_port_std_utilization=15.7328179125
all_port_unique_sources=1296
all_port_unique_targets=1296
non_server_port_99.9th_utilization=51.40247634
non_server_port_99th_utilization=48.440534195
non_server_port_mean_utilization=26.9635476764
non_server_port_median_utilization=27.51500105
non_server_port_num=2376
non_server_port_std_utilization=9.08165976244
non_server_ports_zero_num=0
server_port_99.9th_utilization=45.4355701772
server_port_99th_utilization=43.8366995488
server_port_mean_utilization=12.6124426121
server_port_median_utilization=0.0
server_port_num=2160
server_port_std_utilization=17.921782733
server_port_zero_num=1440
