all_port_99.9th_utilization=66.1796717664
all_port_99th_utilization=51.850579423
all_port_mean_utilization=15.5549207197
all_port_median_utilization=14.37002497
all_port_num=4536
all_port_std_utilization=10.6352037102
all_port_unique_sources=1296
all_port_unique_targets=1296
non_server_port_99.9th_utilization=68.28726753
non_server_port_99th_utilization=56.22420552
non_server_port_mean_utilization=18.2171577408
non_server_port_median_utilization=16.84639552
non_server_port_num=2376
non_server_port_std_utilization=13.4159451894
non_server_ports_zero_num=344
server_port_99.9th_utilization=20.5554908085
server_port_99th_utilization=18.7794545984
server_port_mean_utilization=12.6264599965
server_port_median_utilization=13.85184928
server_port_num=2160
server_port_std_utilization=4.81325140572
server_port_zero_num=240
