all_port_99.9th_utilization=31.8951346368
all_port_99th_utilization=26.215618096
all_port_mean_utilization=13.48800486
all_port_median_utilization=14.212742055
all_port_num=4536
all_port_std_utilization=5.59107091451
all_port_unique_sources=1296
all_port_unique_targets=1296
non_server_port_99.9th_utilization=31.4728400325
non_server_port_99th_utilization=26.46896048
non_server_port_mean_utilization=18.0702911941
non_server_port_median_utilization=17.84887632
non_server_port_num=2376
non_server_port_std_utilization=2.87023746581
non_server_ports_zero_num=0
server_port_99.9th_utilization=32.0532711432
server_port_99th_utilization=16.930805072
server_port_mean_utilization=8.4474898925
server_port_median_utilization=7.84786688
server_port_num=2160
server_port_std_utilization=2.84256784054
server_port_zero_num=0
