all_port_99.9th_utilization=59.5820359589
all_port_99th_utilization=54.5303205152
all_port_mean_utilization=5.46450053428
all_port_median_utilization=0.98435712
all_port_num=11270
all_port_std_utilization=11.2106856339
all_port_unique_sources=3864
all_port_unique_targets=3864
non_server_port_99.9th_utilization=66.6753666128
non_server_port_99th_utilization=55.436579904
non_server_port_mean_utilization=10.3933171878
non_server_port_median_utilization=6.79139472
non_server_port_num=4186
non_server_port_std_utilization=11.8254165681
non_server_ports_zero_num=0
server_port_99.9th_utilization=58.5640643661
server_port_99th_utilization=53.9313373888
server_port_mean_utilization=2.55201796628
server_port_median_utilization=0.58137088
server_port_num=7084
server_port_std_utilization=9.71977153627
server_port_zero_num=0
