all_port_99.9th_utilization=30.0740791223
all_port_99th_utilization=5.39815448633
all_port_mean_utilization=0.892285215663
all_port_median_utilization=0.642672416667
all_port_num=6144
all_port_std_utilization=1.63427253486
all_port_unique_sources=1344
all_port_unique_targets=1344
non_server_port_99.9th_utilization=23.6157828198
non_server_port_99th_utilization=5.74393881
non_server_port_mean_utilization=0.882251196582
non_server_port_median_utilization=0.637695916667
non_server_port_num=4096
non_server_port_std_utilization=1.54922191897
non_server_ports_zero_num=256
server_port_99.9th_utilization=30.0839137591
server_port_99th_utilization=5.090499027
server_port_mean_utilization=0.912353253825
server_port_median_utilization=0.65160735
server_port_num=2048
server_port_std_utilization=1.79213809649
server_port_zero_num=128
