all_port_99.9th_utilization=49.122266827
all_port_99th_utilization=46.1450922307
all_port_mean_utilization=30.3342719032
all_port_median_utilization=35.8640589366
all_port_num=6144
all_port_std_utilization=14.4973629488
all_port_unique_sources=1344
all_port_unique_targets=1344
non_server_port_99.9th_utilization=47.5454898897
non_server_port_99th_utilization=45.1337149405
non_server_port_mean_utilization=29.9904974619
non_server_port_median_utilization=35.5036210161
non_server_port_num=4096
non_server_port_std_utilization=14.2508786735
non_server_ports_zero_num=624
server_port_99.9th_utilization=50.5624477586
server_port_99th_utilization=47.0347692934
server_port_mean_utilization=31.0218207856
server_port_median_utilization=36.6926708527
server_port_num=2048
server_port_std_utilization=14.9544784689
server_port_zero_num=368
