all_port_99.9th_utilization=32.1626173223
all_port_99th_utilization=7.18684507167
all_port_mean_utilization=1.01288595742
all_port_median_utilization=0.2500261
all_port_num=4536
all_port_std_utilization=2.21353356802
all_port_unique_sources=1296
all_port_unique_targets=1296
non_server_port_99.9th_utilization=31.4469793792
non_server_port_99th_utilization=6.87369504167
non_server_port_mean_utilization=1.14915517726
non_server_port_median_utilization=0.5548087
non_server_port_num=2376
non_server_port_std_utilization=2.09413780713
non_server_ports_zero_num=0
server_port_99.9th_utilization=31.9423190017
server_port_99th_utilization=7.60731546667
server_port_mean_utilization=0.862989815602
server_port_median_utilization=0.0
server_port_num=2160
server_port_std_utilization=2.32864450802
server_port_zero_num=1680
