all_port_99.9th_utilization=76.1741394709
all_port_99th_utilization=39.2069222136
all_port_mean_utilization=1.50444515825
all_port_median_utilization=0.225219485714
all_port_num=4096
all_port_std_utilization=6.44429913737
all_port_unique_sources=320
all_port_unique_targets=320
non_server_port_99.9th_utilization=9.28673841954
non_server_port_99th_utilization=8.07088039543
non_server_port_mean_utilization=1.23873288923
non_server_port_median_utilization=0.301725028571
non_server_port_num=2048
non_server_port_std_utilization=2.11166026566
non_server_ports_zero_num=0
server_port_99.9th_utilization=77.5259107022
server_port_99th_utilization=56.2544395864
server_port_mean_utilization=1.77015742727
server_port_median_utilization=0.138698914286
server_port_num=2048
server_port_std_utilization=8.85763329826
server_port_zero_num=112
