all_port_99.9th_utilization=99.6904394104
all_port_99th_utilization=40.992484088
all_port_mean_utilization=1.52578925522
all_port_median_utilization=0.055754
all_port_num=4536
all_port_std_utilization=8.09528915782
all_port_unique_sources=1296
all_port_unique_targets=1296
non_server_port_99.9th_utilization=89.948530565
non_server_port_99th_utilization=41.33563169
non_server_port_mean_utilization=2.04710228284
non_server_port_median_utilization=0.57687544
non_server_port_num=2376
non_server_port_std_utilization=6.58370134857
non_server_ports_zero_num=0
server_port_99.9th_utilization=99.7231445465
server_port_99th_utilization=3.3144652496
server_port_mean_utilization=0.952344924852
server_port_median_utilization=0.0
server_port_num=2160
server_port_std_utilization=9.45057487989
server_port_zero_num=1294
