all_port_99.9th_utilization=81.2706128
all_port_99th_utilization=65.721647298
all_port_mean_utilization=15.603228774
all_port_median_utilization=15.76677792
all_port_num=4536
all_port_std_utilization=17.1556727358
all_port_unique_sources=1296
all_port_unique_targets=1296
non_server_port_99.9th_utilization=84.667830975
non_server_port_99th_utilization=72.33154526
non_server_port_mean_utilization=18.3189141433
non_server_port_median_utilization=17.3732536
non_server_port_num=2376
non_server_port_std_utilization=19.0405078687
non_server_ports_zero_num=952
server_port_99.9th_utilization=37.4483546074
server_port_99th_utilization=33.6828643744
server_port_mean_utilization=12.6159748677
server_port_median_utilization=0.0
server_port_num=2160
server_port_std_utilization=14.2209269466
server_port_zero_num=1200
