all_port_99.9th_utilization=59.3173537119
all_port_99th_utilization=42.9970183904
all_port_mean_utilization=2.77400674612
all_port_median_utilization=0.602292058854
all_port_num=11270
all_port_std_utilization=8.27919354113
all_port_unique_sources=3864
all_port_unique_targets=3864
non_server_port_99.9th_utilization=62.2790685293
non_server_port_99th_utilization=51.1084584575
non_server_port_mean_utilization=4.22282863093
non_server_port_median_utilization=1.17874909063
non_server_port_num=4186
non_server_port_std_utilization=9.53304783826
non_server_ports_zero_num=0
server_port_99.9th_utilization=44.0839378927
server_port_99th_utilization=40.511919672
server_port_mean_utilization=1.91788472327
server_port_median_utilization=0.436608021696
server_port_num=7084
server_port_std_utilization=7.30577820439
server_port_zero_num=0
