all_port_99.9th_utilization=73.544375034
all_port_99th_utilization=67.000245355
all_port_mean_utilization=5.10129327654
all_port_median_utilization=1.7473588
all_port_num=4096
all_port_std_utilization=11.2902924401
all_port_unique_sources=1152
all_port_unique_targets=1152
non_server_port_99.9th_utilization=62.0677988796
non_server_port_99th_utilization=43.1928034155
non_server_port_mean_utilization=6.64946041931
non_server_port_median_utilization=3.9358448
non_server_port_num=2048
non_server_port_std_utilization=9.26396618791
non_server_ports_zero_num=0
server_port_99.9th_utilization=73.9722242249
server_port_99th_utilization=69.6623276665
server_port_mean_utilization=3.55312613376
server_port_median_utilization=0.9170468
server_port_num=2048
server_port_std_utilization=12.8189973957
server_port_zero_num=0
