all_port_99.9th_utilization=98.914259796
all_port_99th_utilization=98.30510924
all_port_mean_utilization=76.3317873313
all_port_median_utilization=86.2872159333
all_port_num=4536
all_port_std_utilization=20.9637259559
all_port_unique_sources=1296
all_port_unique_targets=1296
non_server_port_99.9th_utilization=98.9959928
non_server_port_99th_utilization=98.6062658
non_server_port_mean_utilization=92.2752792058
non_server_port_median_utilization=92.399273
non_server_port_num=2376
non_server_port_std_utilization=3.61715541205
non_server_ports_zero_num=0
server_port_99.9th_utilization=82.6656220536
server_port_99th_utilization=79.2641152587
server_port_mean_utilization=58.7939462695
server_port_median_utilization=62.8564718
server_port_num=2160
server_port_std_utilization=17.9254261408
server_port_zero_num=160
