all_port_99.9th_utilization=27.3210627069
all_port_99th_utilization=16.5724174207
all_port_mean_utilization=2.51615990507
all_port_median_utilization=1.46982635679
all_port_num=2048
all_port_std_utilization=3.58640928188
all_port_unique_sources=128
all_port_unique_targets=128
non_server_port_num=0
server_port_99.9th_utilization=27.3210627069
server_port_99th_utilization=16.5724174207
server_port_mean_utilization=2.51615990507
server_port_median_utilization=1.46982635679
server_port_num=2048
server_port_std_utilization=3.58640928188
server_port_zero_num=0
