all_port_99.9th_utilization=41.8624419624
all_port_99th_utilization=38.183715756
all_port_mean_utilization=20.3012796173
all_port_median_utilization=21.11982352
all_port_num=4536
all_port_std_utilization=10.4286594808
all_port_unique_sources=1296
all_port_unique_targets=1296
non_server_port_99.9th_utilization=42.56154732
non_server_port_99th_utilization=38.95954001
non_server_port_mean_utilization=27.2818219439
non_server_port_median_utilization=27.40366128
non_server_port_num=2376
non_server_port_std_utilization=5.50265586665
non_server_ports_zero_num=0
server_port_99.9th_utilization=25.5737952128
server_port_99th_utilization=23.3578164416
server_port_mean_utilization=12.622683058
server_port_median_utilization=17.50087456
server_port_num=2160
server_port_std_utilization=9.08409675377
server_port_zero_num=720
