all_port_99.9th_utilization=41.1828793947
all_port_99th_utilization=39.303102396
all_port_mean_utilization=6.83528716467
all_port_median_utilization=4.6071619775
all_port_num=4536
all_port_std_utilization=9.77353061044
all_port_unique_sources=1296
all_port_unique_targets=1296
non_server_port_99.9th_utilization=35.3180873706
non_server_port_99th_utilization=25.63922406
non_server_port_mean_utilization=9.20761047827
non_server_port_median_utilization=6.5178378075
non_server_port_num=2376
non_server_port_std_utilization=6.35981458264
non_server_ports_zero_num=0
server_port_99.9th_utilization=41.4432431976
server_port_99th_utilization=40.104308165
server_port_mean_utilization=4.22573151972
server_port_median_utilization=0.0
server_port_num=2160
server_port_std_utilization=11.9625889844
server_port_zero_num=1920
