all_port_99.9th_utilization=68.237164282
all_port_99th_utilization=43.75044817
all_port_mean_utilization=9.77119724652
all_port_median_utilization=7.5037247
all_port_num=4536
all_port_std_utilization=9.23616307191
all_port_unique_sources=1296
all_port_unique_targets=1296
non_server_port_99.9th_utilization=65.5512228333
non_server_port_99th_utilization=45.8036411167
non_server_port_mean_utilization=11.1500489988
non_server_port_median_utilization=8.08548476667
non_server_port_num=2376
non_server_port_std_utilization=10.9737365861
non_server_ports_zero_num=344
server_port_99.9th_utilization=68.4048508068
server_port_99th_utilization=33.8093426413
server_port_mean_utilization=8.25446031904
server_port_median_utilization=7.34838496667
server_port_num=2160
server_port_std_utilization=6.50284991423
server_port_zero_num=240
