all_port_99.9th_utilization=58.925024919
all_port_99th_utilization=49.6145554448
all_port_mean_utilization=20.2595139059
all_port_median_utilization=19.619999016
all_port_num=4536
all_port_std_utilization=16.9665464534
all_port_unique_sources=1296
all_port_unique_targets=1296
non_server_port_99.9th_utilization=61.2442488417
non_server_port_99th_utilization=51.9198707149
non_server_port_mean_utilization=27.1809353197
non_server_port_median_utilization=26.5936436935
non_server_port_num=2376
non_server_port_std_utilization=10.0990596367
non_server_ports_zero_num=0
server_port_99.9th_utilization=48.8490281179
server_port_99th_utilization=47.1008767214
server_port_mean_utilization=12.6459503507
server_port_median_utilization=0.0
server_port_num=2160
server_port_std_utilization=19.5361364919
server_port_zero_num=1520
