all_99.9th_fct_ms=3429.41235281
all_99.9th_fct_ns=3429412352.81
all_99th_fct_ms=3110.25397645
all_99th_fct_ns=3110253976.45
all_flows_completed_fraction=0.795973893739
all_mean_fct_ms=399.678532751
all_mean_fct_ns=399678532.751
all_median_fct_ms=33.5707445
all_median_fct_ns=33570744.5
all_num_finished_flows=47686
all_num_flows=59909
all_num_unfinished_flows=12223
all_throughput_0.1th_Gbps=0.00451540366341
all_throughput_1th_Gbps=0.00507194111179
all_throughput_99.9th_Gbps=0.0719869986445
all_throughput_99th_Gbps=0.057403218667
all_throughput_mean_Gbps=0.016806281387
all_throughput_median_Gbps=0.0130973055641
general_flow_size_bytes_mean=2458840.57487
general_flow_size_bytes_std=5564432.81522
general_num_flows=59909
general_num_unique_sources=32
general_num_unique_targets=32
geq_100KB_99.9th_fct_ms=3482.1700848
geq_100KB_99.9th_fct_ns=3482170084.8
geq_100KB_99th_fct_ms=3301.95200233
geq_100KB_99th_fct_ns=3301952002.33
geq_100KB_flows_completed_fraction=0.570021458473
geq_100KB_mean_fct_ms=1133.32740493
geq_100KB_mean_fct_ns=1133327404.93
geq_100KB_median_fct_ms=907.694562
geq_100KB_median_fct_ns=907694562.0
geq_100KB_num_finished_flows=16204
geq_100KB_num_flows=28427
geq_100KB_num_unfinished_flows=12223
geq_100KB_throughput_0.1th_Gbps=0.00459483592229
geq_100KB_throughput_1th_Gbps=0.00484561862267
geq_100KB_throughput_99.9th_Gbps=0.0303753643686
geq_100KB_throughput_99th_Gbps=0.025825517287
geq_100KB_throughput_mean_Gbps=0.0109218238041
geq_100KB_throughput_median_Gbps=0.00981641797986
geq_10MB_flows_completed_fraction=0
geq_10MB_num_finished_flows=0
geq_10MB_num_flows=6118
geq_10MB_num_unfinished_flows=6118
geq_1MB_99.9th_fct_ms=3499.63788023
geq_1MB_99.9th_fct_ns=3499637880.23
geq_1MB_99th_fct_ms=3345.70705522
geq_1MB_99th_fct_ns=3345707055.22
geq_1MB_flows_completed_fraction=0.496519339292
geq_1MB_mean_fct_ms=1481.15585233
geq_1MB_mean_fct_ns=1481155852.33
geq_1MB_median_fct_ms=1170.6389785
geq_1MB_median_fct_ns=1170638978.5
geq_1MB_num_finished_flows=12054
geq_1MB_num_flows=24277
geq_1MB_num_unfinished_flows=12223
geq_1MB_throughput_0.1th_Gbps=0.00457190465549
geq_1MB_throughput_1th_Gbps=0.00478224774762
geq_1MB_throughput_99.9th_Gbps=0.0228975921509
geq_1MB_throughput_99th_Gbps=0.0204444159563
geq_1MB_throughput_mean_Gbps=0.00964862056261
geq_1MB_throughput_median_Gbps=0.00875889711332
geq_2.4349MB_flows_completed_fraction=0
geq_2.4349MB_num_finished_flows=0
geq_2.4349MB_num_flows=12186
geq_2.4349MB_num_unfinished_flows=12186
less_100KB_99.9th_fct_ms=90.145920244
less_100KB_99.9th_fct_ns=90145920.244
less_100KB_99th_fct_ms=76.6593025
less_100KB_99th_fct_ns=76659302.5
less_100KB_flows_completed_fraction=1.0
less_100KB_mean_fct_ms=22.0644572553
less_100KB_mean_fct_ns=22064457.2553
less_100KB_median_fct_ms=16.3754255
less_100KB_median_fct_ns=16375425.5
less_100KB_num_finished_flows=31482
less_100KB_num_flows=31482
less_100KB_num_unfinished_flows=0
less_100KB_throughput_0.1th_Gbps=0.00430500189937
less_100KB_throughput_1th_Gbps=0.00609041655899
less_100KB_throughput_99.9th_Gbps=0.0737530594025
less_100KB_throughput_99th_Gbps=0.0602645528841
less_100KB_throughput_mean_Gbps=0.0198350518169
less_100KB_throughput_median_Gbps=0.0157305754922
less_2.4349MB_99.9th_fct_ms=3429.41235281
less_2.4349MB_99.9th_fct_ns=3429412352.81
less_2.4349MB_99th_fct_ms=3110.25397645
less_2.4349MB_99th_fct_ns=3110253976.45
less_2.4349MB_flows_completed_fraction=0.999224692496
less_2.4349MB_mean_fct_ms=399.678532751
less_2.4349MB_mean_fct_ns=399678532.751
less_2.4349MB_median_fct_ms=33.5707445
less_2.4349MB_median_fct_ns=33570744.5
less_2.4349MB_num_finished_flows=47686
less_2.4349MB_num_flows=47723
less_2.4349MB_num_unfinished_flows=37
less_2.4349MB_throughput_0.1th_Gbps=0.00451540366341
less_2.4349MB_throughput_1th_Gbps=0.00507194111179
less_2.4349MB_throughput_99.9th_Gbps=0.0719869986445
less_2.4349MB_throughput_99th_Gbps=0.057403218667
less_2.4349MB_throughput_mean_Gbps=0.016806281387
less_2.4349MB_throughput_median_Gbps=0.0130973055641
