all_port_99.9th_utilization=8.22101931748
all_port_99th_utilization=6.9389245296
all_port_mean_utilization=0.694807135874
all_port_median_utilization=0.12349916
all_port_num=11270
all_port_std_utilization=1.43414479312
all_port_unique_sources=3864
all_port_unique_targets=3864
non_server_port_99.9th_utilization=10.0992952398
non_server_port_99th_utilization=7.432958558
non_server_port_mean_utilization=1.32838121936
non_server_port_median_utilization=0.84932192
non_server_port_num=4186
non_server_port_std_utilization=1.54171622932
non_server_ports_zero_num=0
server_port_99.9th_utilization=7.36357151876
server_port_99th_utilization=6.7722373994
server_port_mean_utilization=0.320422450177
server_port_median_utilization=0.0728282
server_port_num=7084
server_port_std_utilization=1.2207565419
server_port_zero_num=0
