all_port_99.9th_utilization=64.5774500568
all_port_99th_utilization=58.7110047152
all_port_mean_utilization=4.51872902363
all_port_median_utilization=1.56310633653
all_port_num=4096
all_port_std_utilization=9.94877987857
all_port_unique_sources=1152
all_port_unique_targets=1152
non_server_port_99.9th_utilization=56.5234756119
non_server_port_99th_utilization=37.6359384403
non_server_port_mean_utilization=5.9208153207
non_server_port_median_utilization=3.52537337332
non_server_port_num=2048
non_server_port_std_utilization=8.2115185115
non_server_ports_zero_num=0
server_port_99.9th_utilization=64.9704532751
server_port_99th_utilization=61.3006729741
server_port_mean_utilization=3.11664272657
server_port_median_utilization=0.802415699245
server_port_num=2048
server_port_std_utilization=11.251476077
server_port_zero_num=0
