all_port_99.9th_utilization=17.8262016828
all_port_99th_utilization=13.5430765162
all_port_mean_utilization=2.61030177613
all_port_median_utilization=1.0531836375
all_port_num=4536
all_port_std_utilization=3.18733765223
all_port_unique_sources=1296
all_port_unique_targets=1296
non_server_port_99.9th_utilization=16.7514467427
non_server_port_99th_utilization=12.2174039958
non_server_port_mean_utilization=2.97583884234
non_server_port_median_utilization=2.76285267083
non_server_port_num=2376
non_server_port_std_utilization=2.56078252583
non_server_ports_zero_num=0
server_port_99.9th_utilization=18.7015250043
server_port_99th_utilization=14.0223454717
server_port_mean_utilization=2.20821100329
server_port_median_utilization=0.0
server_port_num=2160
server_port_std_utilization=3.71646751895
server_port_zero_num=1520
