all_port_99.9th_utilization=49.1632386901
all_port_99th_utilization=24.6318763351
all_port_mean_utilization=1.13665704883
all_port_median_utilization=0.129019485714
all_port_num=2048
all_port_std_utilization=4.7678513698
all_port_unique_sources=128
all_port_unique_targets=128
non_server_port_num=0
server_port_99.9th_utilization=49.1632386901
server_port_99th_utilization=24.6318763351
server_port_mean_utilization=1.13665704883
server_port_median_utilization=0.129019485714
server_port_num=2048
server_port_std_utilization=4.7678513698
server_port_zero_num=1
