all_port_99.9th_utilization=66.7074556805
all_port_99th_utilization=51.623521345
all_port_mean_utilization=14.7124547742
all_port_median_utilization=11.9912083
all_port_num=4536
all_port_std_utilization=11.3227503099
all_port_unique_sources=1296
all_port_unique_targets=1296
non_server_port_99.9th_utilization=67.9341779
non_server_port_99th_utilization=54.570782575
non_server_port_mean_utilization=17.349219158
non_server_port_median_utilization=14.52770985
non_server_port_num=2376
non_server_port_std_utilization=13.482350909
non_server_ports_zero_num=344
server_port_99.9th_utilization=65.208996075
server_port_99th_utilization=38.773215053
server_port_mean_utilization=11.812013952
server_port_median_utilization=11.00948315
server_port_num=2160
server_port_std_utilization=7.29508848227
server_port_zero_num=240
