all_port_99.9th_utilization=41.8248761765
all_port_99th_utilization=39.5857573227
all_port_mean_utilization=5.81289381704
all_port_median_utilization=1.31427701333
all_port_num=4536
all_port_std_utilization=9.87990090886
all_port_unique_sources=1296
all_port_unique_targets=1296
non_server_port_99.9th_utilization=39.7714529967
non_server_port_99th_utilization=28.1827632533
non_server_port_mean_utilization=7.26323516741
non_server_port_median_utilization=4.35440538667
non_server_port_num=2376
non_server_port_std_utilization=7.22901292951
non_server_ports_zero_num=0
server_port_99.9th_utilization=42.3024612261
server_port_99th_utilization=40.4962221397
server_port_mean_utilization=4.21751833163
server_port_median_utilization=0.0
server_port_num=2160
server_port_std_utilization=11.943306721
server_port_zero_num=1920
