all_port_99.9th_utilization=96.515707584
all_port_99th_utilization=93.26216154
all_port_mean_utilization=4.91763984071
all_port_median_utilization=1.4545932
all_port_num=20736
all_port_std_utilization=14.5117381542
all_port_unique_sources=4176
all_port_unique_targets=4176
non_server_port_99.9th_utilization=94.0530296496
non_server_port_99th_utilization=92.779138342
non_server_port_mean_utilization=4.89246131262
non_server_port_median_utilization=1.495358
non_server_port_num=13824
non_server_port_std_utilization=12.7357059745
non_server_ports_zero_num=0
server_port_99.9th_utilization=97.4232019084
server_port_99th_utilization=94.827411114
server_port_mean_utilization=4.96799689688
server_port_median_utilization=1.3282064
server_port_num=6912
server_port_std_utilization=17.5320111704
server_port_zero_num=0
