all_port_99.9th_utilization=32.3651773511
all_port_99th_utilization=27.7128019456
all_port_mean_utilization=2.77319212468
all_port_median_utilization=0.49399664
all_port_num=11270
all_port_std_utilization=5.71267642742
all_port_unique_sources=3864
all_port_unique_targets=3864
non_server_port_99.9th_utilization=39.3755674418
non_server_port_99th_utilization=29.276381272
non_server_port_mean_utilization=5.29990047619
non_server_port_median_utilization=3.39415192
non_server_port_num=4186
non_server_port_std_utilization=6.12036007875
non_server_ports_zero_num=0
server_port_99.9th_utilization=29.4021191102
server_port_99th_utilization=27.0346807711
server_port_mean_utilization=1.2801371897
server_port_median_utilization=0.29119632
server_port_num=7084
server_port_std_utilization=4.87671190579
server_port_zero_num=0
