all_port_99.9th_utilization=41.1838137081
all_port_99th_utilization=39.303080485
all_port_mean_utilization=6.7851797858
all_port_median_utilization=4.4898444
all_port_num=4536
all_port_std_utilization=9.77313192405
all_port_unique_sources=1296
all_port_unique_targets=1296
non_server_port_99.9th_utilization=35.5014159375
non_server_port_99th_utilization=25.935938415
non_server_port_mean_utilization=9.11197438083
non_server_port_median_utilization=6.41911892
non_server_port_num=2376
non_server_port_std_utilization=6.39399763223
non_server_ports_zero_num=0
server_port_99.9th_utilization=41.4435704202
server_port_99th_utilization=40.1021316618
server_port_mean_utilization=4.22570573126
server_port_median_utilization=0.0
server_port_num=2160
server_port_std_utilization=11.9625173707
server_port_zero_num=1920
