all_port_99.9th_utilization=98.3562636557
all_port_99th_utilization=88.0890795156
all_port_mean_utilization=4.72980936151
all_port_median_utilization=1.3883009375
all_port_num=4096
all_port_std_utilization=14.9330985533
all_port_unique_sources=1152
all_port_unique_targets=1152
non_server_port_99.9th_utilization=98.5523880591
non_server_port_99th_utilization=82.8886528594
non_server_port_mean_utilization=4.67299797678
non_server_port_median_utilization=1.3630078125
non_server_port_num=2048
non_server_port_std_utilization=13.3417483354
non_server_ports_zero_num=0
server_port_99.9th_utilization=94.2817207736
server_port_99th_utilization=89.3590001625
server_port_mean_utilization=4.78662074623
server_port_median_utilization=1.400745
server_port_num=2048
server_port_std_utilization=16.3702828654
server_port_zero_num=0
