all_port_99.9th_utilization=18.4352343222
all_port_99th_utilization=7.634988525
all_port_mean_utilization=0.423946347751
all_port_median_utilization=0.1059562
all_port_num=2048
all_port_std_utilization=1.50561721241
all_port_unique_sources=128
all_port_unique_targets=128
non_server_port_num=0
server_port_99.9th_utilization=18.4352343222
server_port_99th_utilization=7.634988525
server_port_mean_utilization=0.423946347751
server_port_median_utilization=0.1059562
server_port_num=2048
server_port_std_utilization=1.50561721241
server_port_zero_num=0
