all_port_99.9th_utilization=98.0829245702
all_port_99th_utilization=95.3086638784
all_port_mean_utilization=41.1420705025
all_port_median_utilization=38.410478288
all_port_num=4536
all_port_std_utilization=24.1907233971
all_port_unique_sources=1296
all_port_unique_targets=1296
non_server_port_99.9th_utilization=98.454859648
non_server_port_99th_utilization=96.358546528
non_server_port_mean_utilization=48.1323034188
non_server_port_median_utilization=51.333266688
non_server_port_num=2376
non_server_port_std_utilization=29.5858903489
non_server_ports_zero_num=344
server_port_99.9th_utilization=48.8604426604
server_port_99th_utilization=46.6725390746
server_port_mean_utilization=33.4528142946
server_port_median_utilization=36.86724992
server_port_num=2160
server_port_std_utilization=12.3761688501
server_port_zero_num=240
