all_port_99.9th_utilization=66.2345050132
all_port_99th_utilization=61.670427486
all_port_mean_utilization=20.1886277553
all_port_median_utilization=17.52154448
all_port_num=4536
all_port_std_utilization=19.7534178221
all_port_unique_sources=1296
all_port_unique_targets=1296
non_server_port_99.9th_utilization=60.99592408
non_server_port_99th_utilization=55.68881256
non_server_port_mean_utilization=27.0913959062
non_server_port_median_utilization=21.95572942
non_server_port_num=2376
non_server_port_std_utilization=11.7148249128
non_server_ports_zero_num=0
server_port_99.9th_utilization=66.913485568
server_port_99th_utilization=62.7355970912
server_port_mean_utilization=12.5955827894
server_port_median_utilization=0.0
server_port_num=2160
server_port_std_utilization=23.6302049727
server_port_zero_num=1680
