all_port_99.9th_utilization=20.7495210488
all_port_99th_utilization=17.9924291925
all_port_mean_utilization=10.5195803654
all_port_median_utilization=10.083603525
all_port_num=4536
all_port_std_utilization=2.78947245208
all_port_unique_sources=1296
all_port_unique_targets=1296
non_server_port_99.9th_utilization=20.8602017475
non_server_port_99th_utilization=18.61981168
non_server_port_mean_utilization=12.4007599855
non_server_port_median_utilization=12.09313696
non_server_port_num=2376
non_server_port_std_utilization=2.30452162624
non_server_ports_zero_num=0
server_port_99.9th_utilization=17.6107502742
server_port_99th_utilization=13.6419950624
server_port_mean_utilization=8.45028278318
server_port_median_utilization=8.282487435
server_port_num=2160
server_port_std_utilization=1.52440609294
server_port_zero_num=0
