all_port_99.9th_utilization=51.4590844423
all_port_99th_utilization=22.9585507
all_port_mean_utilization=1.27130673097
all_port_median_utilization=0.317122708992
all_port_num=2048
all_port_std_utilization=4.44699578554
all_port_unique_sources=128
all_port_unique_targets=128
non_server_port_num=0
server_port_99.9th_utilization=51.4590844423
server_port_99th_utilization=22.9585507
server_port_mean_utilization=1.27130673097
server_port_median_utilization=0.317122708992
server_port_num=2048
server_port_std_utilization=4.44699578554
server_port_zero_num=0
