all_port_99.9th_utilization=30.7877713713
all_port_99th_utilization=21.169585896
all_port_mean_utilization=10.5239936101
all_port_median_utilization=10.03095648
all_port_num=4536
all_port_std_utilization=3.44324947795
all_port_unique_sources=1296
all_port_unique_targets=1296
non_server_port_99.9th_utilization=24.83892476
non_server_port_99th_utilization=21.187222055
non_server_port_mean_utilization=12.4097429747
non_server_port_median_utilization=11.9998736
non_server_port_num=2376
non_server_port_std_utilization=2.79645063292
non_server_ports_zero_num=0
server_port_99.9th_utilization=32.0622282217
server_port_99th_utilization=16.9319933504
server_port_mean_utilization=8.44966930898
server_port_median_utilization=7.85011168
server_port_num=2160
server_port_std_utilization=2.84269306043
server_port_zero_num=0
