all_port_99.9th_utilization=98.0155228373
all_port_99th_utilization=97.0145672
all_port_mean_utilization=79.0946332512
all_port_median_utilization=86.2497393333
all_port_num=4536
all_port_std_utilization=18.9110735754
all_port_unique_sources=1296
all_port_unique_targets=1296
non_server_port_99.9th_utilization=98.0592982333
non_server_port_99th_utilization=97.4045758667
non_server_port_mean_utilization=91.4652294829
non_server_port_median_utilization=91.7424429333
non_server_port_num=2376
non_server_port_std_utilization=3.43558556228
non_server_ports_zero_num=0
server_port_99.9th_utilization=89.2780819912
server_port_99th_utilization=86.187336016
server_port_mean_utilization=65.4869773963
server_port_median_utilization=70.0356122
server_port_num=2160
server_port_std_utilization=19.6095280629
server_port_zero_num=160
