all_port_99.9th_utilization=97.170541953
all_port_99th_utilization=95.7348924125
all_port_mean_utilization=74.3464130726
all_port_median_utilization=84.502261425
all_port_num=4536
all_port_std_utilization=20.4625298375
all_port_unique_sources=1296
all_port_unique_targets=1296
non_server_port_99.9th_utilization=97.262142475
non_server_port_99th_utilization=96.1269519
non_server_port_mean_utilization=90.1480467226
non_server_port_median_utilization=90.49485525
non_server_port_num=2376
non_server_port_std_utilization=3.29443272272
non_server_ports_zero_num=0
server_port_99.9th_utilization=78.8786221893
server_port_99th_utilization=75.2990083785
server_port_mean_utilization=56.9646160575
server_port_median_utilization=60.796802
server_port_num=2160
server_port_std_utilization=17.0462751264
server_port_zero_num=160
