all_port_99.9th_utilization=47.2995689742
all_port_99th_utilization=44.205111055
all_port_mean_utilization=21.5119378842
all_port_median_utilization=32.895231
all_port_num=6144
all_port_std_utilization=18.0920915798
all_port_unique_sources=1344
all_port_unique_targets=1344
non_server_port_99.9th_utilization=45.313896366
non_server_port_99th_utilization=43.1784275213
non_server_port_mean_utilization=21.1687656688
non_server_port_median_utilization=32.3723748
non_server_port_num=4096
non_server_port_std_utilization=17.6950217356
non_server_ports_zero_num=1616
server_port_99.9th_utilization=49.2559305681
server_port_99th_utilization=45.4521377718
server_port_mean_utilization=22.1982823148
server_port_median_utilization=34.393057875
server_port_num=2048
server_port_std_utilization=18.8424292949
server_port_zero_num=848
