all_port_99.9th_utilization=93.9053619013
all_port_99th_utilization=88.3313009678
all_port_mean_utilization=9.13889874255
all_port_median_utilization=1.72427532428
all_port_num=11270
all_port_std_utilization=18.4039518082
all_port_unique_sources=3864
all_port_unique_targets=3864
non_server_port_99.9th_utilization=88.9075812407
non_server_port_99th_utilization=84.6588193526
non_server_port_mean_utilization=17.3333182272
non_server_port_median_utilization=11.5768536894
non_server_port_num=4186
non_server_port_std_utilization=18.9863146384
non_server_ports_zero_num=0
server_port_99.9th_utilization=94.482963675
server_port_99th_utilization=89.7899642944
server_port_mean_utilization=4.29674177434
server_port_median_utilization=1.00462644463
server_port_num=7084
server_port_std_utilization=16.2084368044
server_port_zero_num=0
