all_port_99.9th_utilization=98.9539999441
all_port_99th_utilization=92.8196553219
all_port_mean_utilization=7.01994463333
all_port_median_utilization=2.061169375
all_port_num=2048
all_port_std_utilization=16.5166570244
all_port_unique_sources=128
all_port_unique_targets=128
non_server_port_num=0
server_port_99.9th_utilization=98.9539999441
server_port_99th_utilization=92.8196553219
server_port_mean_utilization=7.01994463333
server_port_median_utilization=2.061169375
server_port_num=2048
server_port_std_utilization=16.5166570244
server_port_zero_num=0
