all_port_99.9th_utilization=56.9966104409
all_port_99th_utilization=45.3177734412
all_port_mean_utilization=4.16725737456
all_port_median_utilization=1.88188507143
all_port_num=2048
all_port_std_utilization=7.89057422128
all_port_unique_sources=128
all_port_unique_targets=128
non_server_port_num=0
server_port_99.9th_utilization=56.9966104409
server_port_99th_utilization=45.3177734412
server_port_mean_utilization=4.16725737456
server_port_median_utilization=1.88188507143
server_port_num=2048
server_port_std_utilization=7.89057422128
server_port_zero_num=0
