all_port_99.9th_utilization=29.0805763013
all_port_99th_utilization=7.07954488833
all_port_mean_utilization=1.39114182071
all_port_median_utilization=1.0946289
all_port_num=4536
all_port_std_utilization=1.87911314892
all_port_unique_sources=1296
all_port_unique_targets=1296
non_server_port_99.9th_utilization=23.0851533125
non_server_port_99th_utilization=9.21330235833
non_server_port_mean_utilization=1.87070746933
non_server_port_median_utilization=1.43645041667
non_server_port_num=2376
non_server_port_std_utilization=1.81051425941
non_server_ports_zero_num=0
server_port_99.9th_utilization=29.2989817449
server_port_99th_utilization=5.26886120267
server_port_mean_utilization=0.863619607222
server_port_median_utilization=0.7768511
server_port_num=2160
server_port_std_utilization=1.8105854814
server_port_zero_num=720
