all_port_99.9th_utilization=44.7307041323
all_port_99th_utilization=41.7039243593
all_port_mean_utilization=13.464766986
all_port_median_utilization=11.2448094933
all_port_num=4536
all_port_std_utilization=13.3721755231
all_port_unique_sources=1296
all_port_unique_targets=1296
non_server_port_99.9th_utilization=44.5714147933
non_server_port_99th_utilization=40.1861461367
non_server_port_mean_utilization=18.0481940955
non_server_port_median_utilization=14.4317614933
non_server_port_num=2376
non_server_port_std_utilization=8.38114420448
non_server_ports_zero_num=0
server_port_99.9th_utilization=44.6376161557
server_port_99th_utilization=41.9505669167
server_port_mean_utilization=8.42299716552
server_port_median_utilization=0.0
server_port_num=2160
server_port_std_utilization=15.8023954155
server_port_zero_num=1680
