all_port_99.9th_utilization=98.3057180218
all_port_99th_utilization=96.9132571392
all_port_mean_utilization=44.3790718568
all_port_median_utilization=39.184105312
all_port_num=4536
all_port_std_utilization=25.2059349597
all_port_unique_sources=1296
all_port_unique_targets=1296
non_server_port_99.9th_utilization=98.519358432
non_server_port_99th_utilization=97.569335456
non_server_port_mean_utilization=54.3758316121
non_server_port_median_utilization=58.55428624
non_server_port_num=2376
non_server_port_std_utilization=29.4014188538
non_server_ports_zero_num=180
server_port_99.9th_utilization=48.5865868658
server_port_99th_utilization=46.6404074819
server_port_mean_utilization=33.382636126
server_port_median_utilization=36.805765296
server_port_num=2160
server_port_std_utilization=12.3480416052
server_port_zero_num=240
