all_port_99.9th_utilization=85.0661548046
all_port_99th_utilization=78.98490115
all_port_mean_utilization=64.3393910887
all_port_median_utilization=65.342251225
all_port_num=6144
all_port_std_utilization=9.98930165508
all_port_unique_sources=1344
all_port_unique_targets=1344
non_server_port_99.9th_utilization=75.425098308
non_server_port_99th_utilization=73.57780315
non_server_port_mean_utilization=63.7478783468
non_server_port_median_utilization=64.900889025
non_server_port_num=4096
non_server_port_std_utilization=8.83797256108
non_server_ports_zero_num=48
server_port_99.9th_utilization=86.5970385086
server_port_99th_utilization=82.2162405915
server_port_mean_utilization=65.5224165727
server_port_median_utilization=66.861679925
server_port_num=2048
server_port_std_utilization=11.8760094621
server_port_zero_num=48
