all_port_99.9th_utilization=74.3183158848
all_port_99th_utilization=71.3458892067
all_port_mean_utilization=33.1905212479
all_port_median_utilization=36.44766175
all_port_num=4536
all_port_std_utilization=25.2470545893
all_port_unique_sources=1296
all_port_unique_targets=1296
non_server_port_99.9th_utilization=73.3596951333
non_server_port_99th_utilization=69.4595675917
non_server_port_mean_utilization=44.3927302816
non_server_port_median_utilization=46.5438848167
non_server_port_num=2376
non_server_port_std_utilization=12.41465129
non_server_ports_zero_num=0
server_port_99.9th_utilization=74.3925146344
server_port_99th_utilization=72.3003136
server_port_mean_utilization=20.8680913108
server_port_median_utilization=0.0
server_port_num=2160
server_port_std_utilization=29.6505019954
server_port_zero_num=1440
