all_port_99.9th_utilization=59.5708425612
all_port_99th_utilization=54.611665188
all_port_mean_utilization=30.7140919426
all_port_median_utilization=35.23478976
all_port_num=4536
all_port_std_utilization=15.5815763783
all_port_unique_sources=1296
all_port_unique_targets=1296
non_server_port_99.9th_utilization=59.98434664
non_server_port_99th_utilization=56.41896858
non_server_port_mean_utilization=35.8018475024
non_server_port_median_utilization=35.97810048
non_server_port_num=2376
non_server_port_std_utilization=10.5890109711
non_server_ports_zero_num=0
server_port_99.9th_utilization=51.1254655727
server_port_99th_utilization=46.4148830704
server_port_mean_utilization=25.1175608268
server_port_median_utilization=34.84096752
server_port_num=2160
server_port_std_utilization=18.0752534034
server_port_zero_num=720
