all_port_99.9th_utilization=18.584212243
all_port_99th_utilization=17.05527207
all_port_mean_utilization=1.28799261759
all_port_median_utilization=0.431017
all_port_num=4096
all_port_std_utilization=2.87614693501
all_port_unique_sources=1152
all_port_unique_targets=1152
non_server_port_99.9th_utilization=18.366564714
non_server_port_99th_utilization=11.289706099
non_server_port_mean_utilization=1.68247572389
non_server_port_median_utilization=0.9860217
non_server_port_num=2048
non_server_port_std_utilization=2.4110845207
non_server_ports_zero_num=0
server_port_99.9th_utilization=18.5873217118
server_port_99th_utilization=17.743811696
server_port_mean_utilization=0.893509511301
server_port_median_utilization=0.2293093
server_port_num=2048
server_port_std_utilization=3.22798388709
server_port_zero_num=0
