all_port_99.9th_utilization=44.0479375702
all_port_99th_utilization=39.585110768
all_port_mean_utilization=20.1621491343
all_port_median_utilization=20.86090155
all_port_num=4536
all_port_std_utilization=10.4471184256
all_port_unique_sources=1296
all_port_unique_targets=1296
non_server_port_99.9th_utilization=45.781480115
non_server_port_99th_utilization=40.86985008
non_server_port_mean_utilization=27.0174115816
non_server_port_median_utilization=26.82647792
non_server_port_num=2376
non_server_port_std_utilization=5.87043374837
non_server_ports_zero_num=0
server_port_99.9th_utilization=25.2390593778
server_port_99th_utilization=23.7428241952
server_port_mean_utilization=12.6213604422
server_port_median_utilization=17.42628352
server_port_num=2160
server_port_std_utilization=9.0957695586
server_port_zero_num=720
