all_port_99.9th_utilization=25.9719285984
all_port_99th_utilization=23.81651532
all_port_mean_utilization=13.6185510587
all_port_median_utilization=14.2625988
all_port_num=4536
all_port_std_utilization=5.36276597437
all_port_unique_sources=1296
all_port_unique_targets=1296
non_server_port_99.9th_utilization=26.1016764
non_server_port_99th_utilization=24.6701556975
non_server_port_mean_utilization=18.3195583529
non_server_port_median_utilization=18.25567702
non_server_port_num=2376
non_server_port_std_utilization=2.52676482327
non_server_ports_zero_num=0
server_port_99.9th_utilization=17.6102811981
server_port_99th_utilization=13.64163728
server_port_mean_utilization=8.44744303512
server_port_median_utilization=8.27244232
server_port_num=2160
server_port_std_utilization=1.52370418138
server_port_zero_num=0
