all_port_99.9th_utilization=30.2078805568
all_port_99th_utilization=28.783672672
all_port_mean_utilization=10.3728897553
all_port_median_utilization=6.52075402667
all_port_num=4536
all_port_std_utilization=9.71871580895
all_port_unique_sources=1296
all_port_unique_targets=1296
non_server_port_99.9th_utilization=29.10762668
non_server_port_99th_utilization=26.4495828233
non_server_port_mean_utilization=12.1406650559
non_server_port_median_utilization=13.6626866133
non_server_port_num=2376
non_server_port_std_utilization=6.58539846601
non_server_ports_zero_num=0
server_port_99.9th_utilization=30.3599728081
server_port_99th_utilization=29.2715473216
server_port_mean_utilization=8.42833692469
server_port_median_utilization=0.0
server_port_num=2160
server_port_std_utilization=11.9761921837
server_port_zero_num=1440
