all_port_99.9th_utilization=66.2401363664
all_port_99th_utilization=61.48884165
all_port_mean_utilization=15.4702509238
all_port_median_utilization=7.20580256
all_port_num=4536
all_port_std_utilization=18.925850635
all_port_unique_sources=1296
all_port_unique_targets=1296
non_server_port_99.9th_utilization=50.55856712
non_server_port_99th_utilization=45.38390155
non_server_port_mean_utilization=18.0806988794
non_server_port_median_utilization=11.19510128
non_server_port_num=2376
non_server_port_std_utilization=12.7133146864
non_server_ports_zero_num=0
server_port_99.9th_utilization=66.8804470611
server_port_99th_utilization=62.7338906812
server_port_mean_utilization=12.5987581727
server_port_median_utilization=0.0
server_port_num=2160
server_port_std_utilization=23.6360289895
server_port_zero_num=1680
