all_port_99.9th_utilization=98.1998565308
all_port_99th_utilization=96.396332112
all_port_mean_utilization=17.0293148014
all_port_median_utilization=11.54880496
all_port_num=4536
all_port_std_utilization=24.4247806401
all_port_unique_sources=1296
all_port_unique_targets=1296
non_server_port_99.9th_utilization=88.23359083
non_server_port_99th_utilization=67.6026235
non_server_port_mean_utilization=22.9399416699
non_server_port_median_utilization=15.84002844
non_server_port_num=2376
non_server_port_std_utilization=16.0977978096
non_server_ports_zero_num=0
server_port_99.9th_utilization=98.2793163959
server_port_99th_utilization=97.156378392
server_port_mean_utilization=10.5276252461
server_port_median_utilization=0.0
server_port_num=2160
server_port_std_utilization=29.7832633834
server_port_zero_num=1920
