all_port_99.9th_utilization=31.6157756312
all_port_99th_utilization=6.477334905
all_port_mean_utilization=0.929662424155
all_port_median_utilization=0.59205985
all_port_num=4536
all_port_std_utilization=1.97045670215
all_port_unique_sources=1296
all_port_unique_targets=1296
non_server_port_99.9th_utilization=32.2912393583
non_server_port_99th_utilization=7.26503144167
non_server_port_mean_utilization=0.988488171914
non_server_port_median_utilization=0.3814874
non_server_port_num=2376
non_server_port_std_utilization=2.14638497074
non_server_ports_zero_num=1082
server_port_99.9th_utilization=30.247244256
server_port_99th_utilization=5.15669115133
server_port_mean_utilization=0.86495410162
server_port_median_utilization=0.63861435
server_port_num=2160
server_port_std_utilization=1.75442589534
server_port_zero_num=240
