all_port_99.9th_utilization=28.8496240835
all_port_99th_utilization=25.8208118412
all_port_mean_utilization=4.16026243658
all_port_median_utilization=3.358695325
all_port_num=4536
all_port_std_utilization=3.73491060319
all_port_unique_sources=1296
all_port_unique_targets=1296
non_server_port_99.9th_utilization=29.6144091438
non_server_port_99th_utilization=26.0733364812
non_server_port_mean_utilization=4.90316743002
non_server_port_median_utilization=3.9295082875
non_server_port_num=2376
non_server_port_std_utilization=3.85282352485
non_server_ports_zero_num=0
server_port_99.9th_utilization=27.5795334672
server_port_99th_utilization=25.7269586373
server_port_mean_utilization=3.3430669438
server_port_median_utilization=2.780418975
server_port_num=2160
server_port_std_utilization=3.41913571511
server_port_zero_num=240
