all_port_99.9th_utilization=99.1375800143
all_port_99th_utilization=80.9218572525
all_port_mean_utilization=3.08691356138
all_port_median_utilization=0.3524893
all_port_num=4096
all_port_std_utilization=12.7956368234
all_port_unique_sources=1152
all_port_unique_targets=1152
non_server_port_99.9th_utilization=99.0223921338
non_server_port_99th_utilization=78.8130892711
non_server_port_mean_utilization=3.46150538282
non_server_port_median_utilization=0.4456165
non_server_port_num=2048
non_server_port_std_utilization=12.6169526929
non_server_ports_zero_num=17
server_port_99.9th_utilization=99.138579967
server_port_99th_utilization=87.9383985435
server_port_mean_utilization=2.71232173995
server_port_median_utilization=0.2263516
server_port_num=2048
server_port_std_utilization=12.9610381573
server_port_zero_num=112
