all_port_99.9th_utilization=59.6840290155
all_port_99th_utilization=57.0973063293
all_port_mean_utilization=20.8296987036
all_port_median_utilization=13.9077092267
all_port_num=4536
all_port_std_utilization=19.1804036613
all_port_unique_sources=1296
all_port_unique_targets=1296
non_server_port_99.9th_utilization=53.77734984
non_server_port_99th_utilization=49.5803220867
non_server_port_mean_utilization=24.5097594473
non_server_port_median_utilization=28.2211579733
non_server_port_num=2376
non_server_port_std_utilization=12.5288646438
non_server_ports_zero_num=0
server_port_99.9th_utilization=60.3337519071
server_port_99th_utilization=58.3956076264
server_port_mean_utilization=16.7816318856
server_port_median_utilization=0.0
server_port_num=2160
server_port_std_utilization=23.8455632508
server_port_zero_num=1440
