all_port_99.9th_utilization=38.766537366
all_port_99th_utilization=26.2299575389
all_port_mean_utilization=1.57651204708
all_port_median_utilization=0.386185793169
all_port_num=4096
all_port_std_utilization=4.7914068813
all_port_unique_sources=1152
all_port_unique_targets=1152
non_server_port_99.9th_utilization=42.612650761
non_server_port_99th_utilization=24.8507999768
non_server_port_mean_utilization=1.81317349678
non_server_port_median_utilization=0.482408692473
non_server_port_num=2048
non_server_port_std_utilization=4.73021353654
non_server_ports_zero_num=0
server_port_99.9th_utilization=27.8808156057
server_port_99th_utilization=26.6151220737
server_port_mean_utilization=1.33985059738
server_port_median_utilization=0.343962875116
server_port_num=2048
server_port_std_utilization=4.84027090353
server_port_zero_num=0
