all_port_99.9th_utilization=31.3021196413
all_port_99th_utilization=27.82601624
all_port_mean_utilization=13.5975640167
all_port_median_utilization=15.23002992
all_port_num=4536
all_port_std_utilization=9.13545616784
all_port_unique_sources=1296
all_port_unique_targets=1296
non_server_port_99.9th_utilization=31.10943228
non_server_port_99th_utilization=27.21946864
non_server_port_mean_utilization=14.4766384215
non_server_port_median_utilization=14.53856432
non_server_port_num=2376
non_server_port_std_utilization=6.2365557415
non_server_ports_zero_num=0
server_port_99.9th_utilization=31.1826433757
server_port_99th_utilization=28.2667373734
server_port_mean_utilization=12.6305821714
server_port_median_utilization=19.84602976
server_port_num=2160
server_port_std_utilization=11.4319544078
server_port_zero_num=960
