all_port_99.9th_utilization=77.1070465547
all_port_99th_utilization=42.1400783034
all_port_mean_utilization=1.59226240173
all_port_median_utilization=0.204269828571
all_port_num=6144
all_port_std_utilization=7.33273822946
all_port_unique_sources=1344
all_port_unique_targets=1344
non_server_port_99.9th_utilization=76.6075093369
non_server_port_99th_utilization=38.4024683525
non_server_port_mean_utilization=1.50382984819
non_server_port_median_utilization=0.228203885714
non_server_port_num=4096
non_server_port_std_utilization=6.43715147731
non_server_ports_zero_num=112
server_port_99.9th_utilization=77.2886578371
server_port_99th_utilization=55.8386916949
server_port_mean_utilization=1.76912750882
server_port_median_utilization=0.135705257143
server_port_num=2048
server_port_std_utilization=8.85360884852
server_port_zero_num=112
