all_port_99.9th_utilization=34.1195491825
all_port_99th_utilization=9.863204045
all_port_mean_utilization=1.07584034129
all_port_median_utilization=0.151918216667
all_port_num=4536
all_port_std_utilization=2.75376516845
all_port_unique_sources=1296
all_port_unique_targets=1296
non_server_port_99.9th_utilization=31.2499362875
non_server_port_99th_utilization=7.95379139167
non_server_port_mean_utilization=1.27162461218
non_server_port_median_utilization=0.45186415
non_server_port_num=2376
non_server_port_std_utilization=2.59271205263
non_server_ports_zero_num=14
server_port_99.9th_utilization=34.4095086511
server_port_99th_utilization=10.665864744
server_port_mean_utilization=0.860477643318
server_port_median_utilization=0.0
server_port_num=2160
server_port_std_utilization=2.90548625521
server_port_zero_num=1920
