all_port_99.9th_utilization=29.4341455067
all_port_99th_utilization=8.16797901833
all_port_mean_utilization=1.22424963158
all_port_median_utilization=0.8464546
all_port_num=4536
all_port_std_utilization=1.99615460074
all_port_unique_sources=1296
all_port_unique_targets=1296
non_server_port_99.9th_utilization=29.1760725208
non_server_port_99th_utilization=10.5128828917
non_server_port_mean_utilization=1.55156890892
non_server_port_median_utilization=1.05985043333
non_server_port_num=2376
non_server_port_std_utilization=2.15027729292
non_server_ports_zero_num=0
server_port_99.9th_utilization=29.467319736
server_port_99th_utilization=5.09432779733
server_port_mean_utilization=0.864198426497
server_port_median_utilization=0.639182016667
server_port_num=2160
server_port_std_utilization=1.74188962006
server_port_zero_num=240
