all_port_99.9th_utilization=41.1946398032
all_port_99th_utilization=39.299635416
all_port_mean_utilization=4.83903734322
all_port_median_utilization=0.84849228
all_port_num=4536
all_port_std_utilization=9.70832513571
all_port_unique_sources=1296
all_port_unique_targets=1296
non_server_port_99.9th_utilization=29.30620008
non_server_port_99th_utilization=26.3456195
non_server_port_mean_utilization=5.39644051467
non_server_port_median_utilization=1.98079332
non_server_port_num=2376
non_server_port_std_utilization=7.01271751815
non_server_ports_zero_num=92
server_port_99.9th_utilization=41.4433213904
server_port_99th_utilization=40.1061895951
server_port_mean_utilization=4.22589385463
server_port_median_utilization=0.0
server_port_num=2160
server_port_std_utilization=11.9630502308
server_port_zero_num=1920
