all_port_99.9th_utilization=96.069844792
all_port_99th_utilization=92.806082127
all_port_mean_utilization=5.05124234148
all_port_median_utilization=1.5771534643
all_port_num=6144
all_port_std_utilization=14.7448628021
all_port_unique_sources=1344
all_port_unique_targets=1344
non_server_port_99.9th_utilization=93.9460213558
non_server_port_99th_utilization=92.3520978189
non_server_port_mean_utilization=4.98865916635
non_server_port_median_utilization=1.58977335902
non_server_port_num=4096
non_server_port_std_utilization=13.0842514228
non_server_ports_zero_num=0
server_port_99.9th_utilization=96.8875432699
server_port_99th_utilization=94.7452381919
server_port_mean_utilization=5.17640869174
server_port_median_utilization=1.50908935795
server_port_num=2048
server_port_std_utilization=17.6015387579
server_port_zero_num=0
