all_port_99.9th_utilization=99.0205754203
all_port_99th_utilization=61.2942846555
all_port_mean_utilization=2.26243152447
all_port_median_utilization=0.309058310378
all_port_num=6144
all_port_std_utilization=10.1268604331
all_port_unique_sources=1344
all_port_unique_targets=1344
non_server_port_99.9th_utilization=98.9399146028
non_server_port_99th_utilization=55.204434323
non_server_port_mean_utilization=2.14545457149
non_server_port_median_utilization=0.343372836919
non_server_port_num=4096
non_server_port_std_utilization=8.9053907907
non_server_ports_zero_num=112
server_port_99.9th_utilization=99.2913761301
server_port_99th_utilization=81.1984629803
server_port_mean_utilization=2.49638543044
server_port_median_utilization=0.202177957921
server_port_num=2048
server_port_std_utilization=12.2051560735
server_port_zero_num=112
