all_port_99.9th_utilization=36.3206067557
all_port_99th_utilization=32.5387267
all_port_mean_utilization=13.5935279882
all_port_median_utilization=14.3239410133
all_port_num=4536
all_port_std_utilization=10.6577768409
all_port_unique_sources=1296
all_port_unique_targets=1296
non_server_port_99.9th_utilization=36.8453080533
non_server_port_99th_utilization=33.92986614
non_server_port_mean_utilization=18.2916225801
non_server_port_median_utilization=18.5285058
non_server_port_num=2376
non_server_port_std_utilization=6.33982566429
non_server_ports_zero_num=0
server_port_99.9th_utilization=30.359205861
server_port_99th_utilization=29.2739668941
server_port_mean_utilization=8.42562393709
server_port_median_utilization=0.0
server_port_num=2160
server_port_std_utilization=11.9723002112
server_port_zero_num=1440
