all_port_99.9th_utilization=75.3759300173
all_port_99th_utilization=72.0169639401
all_port_mean_utilization=43.9281481242
all_port_median_utilization=45.3623769537
all_port_num=4536
all_port_std_utilization=19.8698012379
all_port_unique_sources=1296
all_port_unique_targets=1296
non_server_port_99.9th_utilization=76.0751193063
non_server_port_99th_utilization=72.8426212997
non_server_port_mean_utilization=58.4368883763
non_server_port_median_utilization=59.2649572668
non_server_port_num=2376
non_server_port_std_utilization=7.3715515428
non_server_ports_zero_num=0
server_port_99.9th_utilization=48.6408607913
server_port_99th_utilization=45.8330679694
server_port_mean_utilization=27.968533847
server_port_median_utilization=36.0292032555
server_port_num=2160
server_port_std_utilization=16.8244455266
server_port_zero_num=560
