all_port_99.9th_utilization=95.9190524739
all_port_99th_utilization=48.8894131571
all_port_mean_utilization=1.87916743976
all_port_median_utilization=0.281004
all_port_num=4096
all_port_std_utilization=8.0418731461
all_port_unique_sources=320
all_port_unique_targets=320
non_server_port_99.9th_utilization=11.3475288201
non_server_port_99th_utilization=9.94287357643
non_server_port_mean_utilization=1.54774955736
non_server_port_median_utilization=0.374976928571
non_server_port_num=2048
non_server_port_std_utilization=2.62864107831
non_server_ports_zero_num=0
server_port_99.9th_utilization=96.090276162
server_port_99th_utilization=70.3536653664
server_port_mean_utilization=2.21058532216
server_port_median_utilization=0.175464642857
server_port_num=2048
server_port_std_utilization=11.055044905
server_port_zero_num=112
