all_port_99.9th_utilization=99.4667592756
all_port_99th_utilization=82.9808041396
all_port_mean_utilization=3.63969165212
all_port_median_utilization=0.4455968
all_port_num=2048
all_port_std_utilization=13.485067339
all_port_unique_sources=128
all_port_unique_targets=128
non_server_port_num=0
server_port_99.9th_utilization=99.4667592756
server_port_99th_utilization=82.9808041396
server_port_mean_utilization=3.63969165212
server_port_median_utilization=0.4455968
server_port_num=2048
server_port_std_utilization=13.485067339
server_port_zero_num=1
