all_port_99.9th_utilization=98.667099248
all_port_99th_utilization=97.1568270533
all_port_mean_utilization=38.4911674567
all_port_median_utilization=25.4005053667
all_port_num=4536
all_port_std_utilization=35.188237438
all_port_unique_sources=1296
all_port_unique_targets=1296
non_server_port_99.9th_utilization=92.4909718333
non_server_port_99th_utilization=88.2315942
non_server_port_mean_utilization=45.2929513321
non_server_port_median_utilization=53.4776851
non_server_port_num=2376
non_server_port_std_utilization=22.707449079
non_server_ports_zero_num=0
server_port_99.9th_utilization=98.8442235632
server_port_99th_utilization=97.8317963627
server_port_mean_utilization=31.0092051937
server_port_median_utilization=0.0
server_port_num=2160
server_port_std_utilization=43.8883104682
server_port_zero_num=1440
