all_port_99.9th_utilization=97.508565409
all_port_99th_utilization=96.79955792
all_port_mean_utilization=70.9079044236
all_port_median_utilization=85.4303231
all_port_num=4536
all_port_std_utilization=24.1633804298
all_port_unique_sources=1296
all_port_unique_targets=1296
non_server_port_99.9th_utilization=97.636353875
non_server_port_99th_utilization=97.12322675
non_server_port_mean_utilization=91.8122708031
non_server_port_median_utilization=92.2557538
non_server_port_num=2376
non_server_port_std_utilization=3.23493692967
non_server_ports_zero_num=0
server_port_99.9th_utilization=67.0863447748
server_port_99th_utilization=63.189255407
server_port_mean_utilization=47.9131014061
server_port_median_utilization=51.285202
server_port_num=2160
server_port_std_utilization=14.3234336463
server_port_zero_num=160
