all_port_99.9th_utilization=30.3459005278
all_port_99th_utilization=9.97734662333
all_port_mean_utilization=1.38315016074
all_port_median_utilization=0.812013616667
all_port_num=4536
all_port_std_utilization=2.24093104409
all_port_unique_sources=1296
all_port_unique_targets=1296
non_server_port_99.9th_utilization=22.3061146083
non_server_port_99th_utilization=12.0240052083
non_server_port_mean_utilization=1.85833345825
non_server_port_median_utilization=1.34338185
non_server_port_num=2376
non_server_port_std_utilization=2.06408189603
non_server_ports_zero_num=0
server_port_99.9th_utilization=31.5774398538
server_port_99th_utilization=7.36158280333
server_port_mean_utilization=0.860448533488
server_port_median_utilization=0.0
server_port_num=2160
server_port_std_utilization=2.31033493856
server_port_zero_num=1680
