all_port_99.9th_utilization=31.9037449843
all_port_99th_utilization=5.76410990167
all_port_mean_utilization=1.01447069932
all_port_median_utilization=0.837635933333
all_port_num=4536
all_port_std_utilization=1.94586093174
all_port_unique_sources=1296
all_port_unique_targets=1296
non_server_port_99.9th_utilization=31.9039916083
non_server_port_99th_utilization=5.84237565833
non_server_port_mean_utilization=1.15098777029
non_server_port_median_utilization=0.826640266667
non_server_port_num=2376
non_server_port_std_utilization=1.99289729474
non_server_ports_zero_num=0
server_port_99.9th_utilization=30.062931126
server_port_99th_utilization=5.30396219467
server_port_mean_utilization=0.864301921265
server_port_median_utilization=0.857688483333
server_port_num=2160
server_port_std_utilization=1.88136443947
server_port_zero_num=960
