all_port_99.9th_utilization=32.9387744726
all_port_99th_utilization=26.7924951767
all_port_mean_utilization=6.17154225097
all_port_median_utilization=4.25402946667
all_port_num=4536
all_port_std_utilization=6.46023937669
all_port_unique_sources=1296
all_port_unique_targets=1296
non_server_port_99.9th_utilization=32.6564204646
non_server_port_99th_utilization=24.9553434208
non_server_port_mean_utilization=7.81487128557
non_server_port_median_utilization=7.09896470833
non_server_port_num=2376
non_server_port_std_utilization=5.06603683449
non_server_ports_zero_num=0
server_port_99.9th_utilization=34.9881537945
server_port_99th_utilization=27.6785507925
server_port_mean_utilization=4.36388031292
server_port_median_utilization=0.0
server_port_num=2160
server_port_std_utilization=7.29201122666
server_port_zero_num=1520
