all_port_99.9th_utilization=31.6358847837
all_port_99th_utilization=7.15458467167
all_port_mean_utilization=1.20534677504
all_port_median_utilization=0.855207183333
all_port_num=4536
all_port_std_utilization=2.29566980014
all_port_unique_sources=1296
all_port_unique_targets=1296
non_server_port_99.9th_utilization=31.8357540708
non_server_port_99th_utilization=7.78931026667
non_server_port_mean_utilization=1.51549863758
non_server_port_median_utilization=1.13788341667
non_server_port_num=2376
non_server_port_std_utilization=2.41644956377
non_server_ports_zero_num=0
server_port_99.9th_utilization=30.8157534917
server_port_99th_utilization=6.45983107667
server_port_mean_utilization=0.864179726235
server_port_median_utilization=0.0
server_port_num=2160
server_port_std_utilization=2.1028194766
server_port_zero_num=1440
