all_port_99.9th_utilization=59.1298478408
all_port_99th_utilization=33.042399506
all_port_mean_utilization=2.41575167903
all_port_median_utilization=0.6420736
all_port_num=2048
all_port_std_utilization=6.19395423877
all_port_unique_sources=128
all_port_unique_targets=128
non_server_port_num=0
server_port_99.9th_utilization=59.1298478408
server_port_99th_utilization=33.042399506
server_port_mean_utilization=2.41575167903
server_port_median_utilization=0.6420736
server_port_num=2048
server_port_std_utilization=6.19395423877
server_port_zero_num=0
