all_port_99.9th_utilization=30.9531070371
all_port_99th_utilization=27.5282281112
all_port_mean_utilization=4.14920707477
all_port_median_utilization=3.872370325
all_port_num=4536
all_port_std_utilization=4.66189272257
all_port_unique_sources=1296
all_port_unique_targets=1296
non_server_port_99.9th_utilization=30.8185189844
non_server_port_99th_utilization=26.7932856313
non_server_port_mean_utilization=4.88854923386
non_server_port_median_utilization=4.079171575
non_server_port_num=2376
non_server_port_std_utilization=4.31569657687
non_server_ports_zero_num=0
server_port_99.9th_utilization=30.7556234163
server_port_99th_utilization=28.2763595567
server_port_mean_utilization=3.33593069977
server_port_median_utilization=0.0
server_port_num=2160
server_port_std_utilization=4.88767258294
server_port_zero_num=1200
