all_port_99.9th_utilization=24.3074291674
all_port_99th_utilization=22.24814624
all_port_mean_utilization=13.5464183814
all_port_median_utilization=15.14874624
all_port_num=4536
all_port_std_utilization=5.73705259068
all_port_unique_sources=1296
all_port_unique_targets=1296
non_server_port_99.9th_utilization=25.349756575
non_server_port_99th_utilization=22.74341592
non_server_port_mean_utilization=14.3746731664
non_server_port_median_utilization=14.66756509
non_server_port_num=2376
non_server_port_std_utilization=4.13995954183
non_server_ports_zero_num=0
server_port_99.9th_utilization=22.4777602586
server_port_99th_utilization=21.0905138404
server_port_mean_utilization=12.6353381179
server_port_median_utilization=15.48170405
server_port_num=2160
server_port_std_utilization=6.97718114686
server_port_zero_num=480
