all_port_99.9th_utilization=98.6843442856
all_port_99th_utilization=87.5405310551
all_port_mean_utilization=4.90275805365
all_port_median_utilization=1.35649
all_port_num=2048
all_port_std_utilization=14.1131467725
all_port_unique_sources=128
all_port_unique_targets=128
non_server_port_num=0
server_port_99.9th_utilization=98.6843442856
server_port_99th_utilization=87.5405310551
server_port_mean_utilization=4.90275805365
server_port_median_utilization=1.35649
server_port_num=2048
server_port_std_utilization=14.1131467725
server_port_zero_num=0
