all_port_99.9th_utilization=58.8828999315
all_port_99th_utilization=44.3038458383
all_port_mean_utilization=13.5626823751
all_port_median_utilization=14.5654728
all_port_num=4536
all_port_std_utilization=11.5087091768
all_port_unique_sources=1296
all_port_unique_targets=1296
non_server_port_99.9th_utilization=51.3000846542
non_server_port_99th_utilization=39.8171901833
non_server_port_mean_utilization=18.2096245505
non_server_port_median_utilization=17.5579128
non_server_port_num=2376
non_server_port_std_utilization=7.43056312722
non_server_ports_zero_num=0
server_port_99.9th_utilization=65.2012357068
server_port_99th_utilization=51.3334157007
server_port_mean_utilization=8.45104598215
server_port_median_utilization=0.0
server_port_num=2160
server_port_std_utilization=12.9432960232
server_port_zero_num=1440
