all_port_99.9th_utilization=70.5213018729
all_port_99th_utilization=66.6490030765
all_port_mean_utilization=39.6437945156
all_port_median_utilization=42.286024591
all_port_num=4536
all_port_std_utilization=19.4434955802
all_port_unique_sources=1296
all_port_unique_targets=1296
non_server_port_99.9th_utilization=70.8782145482
non_server_port_99th_utilization=67.7517985543
non_server_port_mean_utilization=52.780812595
non_server_port_median_utilization=53.4243975094
non_server_port_num=2376
non_server_port_std_utilization=7.93075259206
non_server_ports_zero_num=0
server_port_99.9th_utilization=49.2749203507
server_port_99th_utilization=45.8799553408
server_port_mean_utilization=25.1930746282
server_port_median_utilization=35.2187140187
server_port_num=2160
server_port_std_utilization=18.056987533
server_port_zero_num=720
