all_port_99.9th_utilization=31.9996373008
all_port_99th_utilization=26.403048597
all_port_mean_utilization=13.6110911579
all_port_median_utilization=14.36219641
all_port_num=4536
all_port_std_utilization=5.69434695038
all_port_unique_sources=1296
all_port_unique_targets=1296
non_server_port_99.9th_utilization=31.62453022
non_server_port_99th_utilization=27.0799380025
non_server_port_mean_utilization=18.3050573162
non_server_port_median_utilization=18.09297896
non_server_port_num=2376
non_server_port_std_utilization=2.87887278753
non_server_ports_zero_num=0
server_port_99.9th_utilization=32.063016804
server_port_99th_utilization=16.9307940512
server_port_mean_utilization=8.44772838372
server_port_median_utilization=7.84660256
server_port_num=2160
server_port_std_utilization=2.84254612268
server_port_zero_num=0
