all_port_99.9th_utilization=89.0612117085
all_port_99th_utilization=85.5588277667
all_port_mean_utilization=55.355710497
all_port_median_utilization=53.2384099167
all_port_num=4536
all_port_std_utilization=17.2129611476
all_port_unique_sources=1296
all_port_unique_targets=1296
non_server_port_99.9th_utilization=89.8456742333
non_server_port_99th_utilization=86.8560115333
non_server_port_mean_utilization=67.6442568991
non_server_port_median_utilization=68.5580713
non_server_port_num=2376
non_server_port_std_utilization=10.2817159774
non_server_ports_zero_num=0
server_port_99.9th_utilization=58.4298870733
server_port_99th_utilization=55.322901343
server_port_mean_utilization=41.8383094546
server_port_median_utilization=44.71515645
server_port_num=2160
server_port_std_utilization=12.5334062976
server_port_zero_num=160
