all_port_99.9th_utilization=52.4807264499
all_port_99th_utilization=47.8690745067
all_port_mean_utilization=34.5508554828
all_port_median_utilization=36.3077703733
all_port_num=6144
all_port_std_utilization=9.96162338525
all_port_unique_sources=1344
all_port_unique_targets=1344
non_server_port_99.9th_utilization=50.0042448512
non_server_port_99th_utilization=46.6487909547
non_server_port_mean_utilization=34.210859538
non_server_port_median_utilization=36.03559488
non_server_port_num=4096
non_server_port_std_utilization=9.78060692281
non_server_ports_zero_num=256
server_port_99.9th_utilization=54.3770558315
server_port_99th_utilization=49.7295337131
server_port_mean_utilization=35.2308473724
server_port_median_utilization=37.0474666667
server_port_num=2048
server_port_std_utilization=10.2804520522
server_port_zero_num=128
