all_port_99.9th_utilization=51.1408592015
all_port_99th_utilization=33.5099368507
all_port_mean_utilization=5.02278130279
all_port_median_utilization=2.95193869496
all_port_num=2048
all_port_std_utilization=7.03513693931
all_port_unique_sources=128
all_port_unique_targets=128
non_server_port_num=0
server_port_99.9th_utilization=51.1408592015
server_port_99th_utilization=33.5099368507
server_port_mean_utilization=5.02278130279
server_port_median_utilization=2.95193869496
server_port_num=2048
server_port_std_utilization=7.03513693931
server_port_zero_num=0
