all_port_99.9th_utilization=1.45246242576
all_port_99th_utilization=1.3224003248
all_port_mean_utilization=0.0650521958897
all_port_median_utilization=0.01751552
all_port_num=20736
all_port_std_utilization=0.20436395258
all_port_unique_sources=4176
all_port_unique_targets=4176
non_server_port_99.9th_utilization=1.44714369082
non_server_port_99th_utilization=1.29340857472
non_server_port_mean_utilization=0.0647344929307
non_server_port_median_utilization=0.018954192
non_server_port_num=13824
non_server_port_std_utilization=0.179703641446
non_server_ports_zero_num=0
server_port_99.9th_utilization=1.45921180694
server_port_99th_utilization=1.35517792784
server_port_mean_utilization=0.0656876018077
server_port_median_utilization=0.015440264
server_port_num=6912
server_port_std_utilization=0.246386834536
server_port_zero_num=0
