all_port_99.9th_utilization=44.5396438958
all_port_99th_utilization=34.484480225
all_port_mean_utilization=5.45325205443
all_port_median_utilization=3.99198238333
all_port_num=4536
all_port_std_utilization=5.72481302841
all_port_unique_sources=1296
all_port_unique_targets=1296
non_server_port_99.9th_utilization=45.5699966667
non_server_port_99th_utilization=36.6936390583
non_server_port_mean_utilization=6.45327039884
non_server_port_median_utilization=4.7922305
non_server_port_num=2376
non_server_port_std_utilization=6.67473611127
non_server_ports_zero_num=344
server_port_99.9th_utilization=36.1742374997
server_port_99th_utilization=29.4959777957
server_port_mean_utilization=4.35323187559
server_port_median_utilization=3.6817782
server_port_num=2160
server_port_std_utilization=4.18412711553
server_port_zero_num=240
