all_port_99.9th_utilization=81.5528598072
all_port_99th_utilization=76.884661288
all_port_mean_utilization=33.2650083505
all_port_median_utilization=33.4549505
all_port_num=4536
all_port_std_utilization=27.2804205507
all_port_unique_sources=1296
all_port_unique_targets=1296
non_server_port_99.9th_utilization=81.85038984
non_server_port_99th_utilization=74.03489128
non_server_port_mean_utilization=44.4677285579
non_server_port_median_utilization=44.84487898
non_server_port_num=2376
non_server_port_std_utilization=14.3434781672
non_server_ports_zero_num=0
server_port_99.9th_utilization=80.9625817248
server_port_99th_utilization=77.8026058528
server_port_mean_utilization=20.9420161223
server_port_median_utilization=0.0
server_port_num=2160
server_port_std_utilization=32.3519512759
server_port_zero_num=1520
