all_port_99.9th_utilization=96.154105632
all_port_99th_utilization=91.7550176328
all_port_mean_utilization=7.18248636108
all_port_median_utilization=2.7246984375
all_port_num=4096
all_port_std_utilization=15.3760287118
all_port_unique_sources=1152
all_port_unique_targets=1152
non_server_port_99.9th_utilization=80.8670569506
non_server_port_99th_utilization=58.2336064937
non_server_port_mean_utilization=9.39176858946
non_server_port_median_utilization=5.6713075
non_server_port_num=2048
non_server_port_std_utilization=12.5991524918
non_server_ports_zero_num=0
server_port_99.9th_utilization=96.4331026436
server_port_99th_utilization=94.2342007437
server_port_mean_utilization=4.97320413271
server_port_median_utilization=1.3655403125
server_port_num=2048
server_port_std_utilization=17.4454583904
server_port_zero_num=0
