all_port_99.9th_utilization=68.0985882868
all_port_99th_utilization=39.5539870143
all_port_mean_utilization=1.53262716364
all_port_median_utilization=0.155402636781
all_port_num=4096
all_port_std_utilization=6.89249298258
all_port_unique_sources=1152
all_port_unique_targets=1152
non_server_port_99.9th_utilization=71.8327194523
non_server_port_99th_utilization=38.0259020412
non_server_port_mean_utilization=1.73745363789
non_server_port_median_utilization=0.192508927663
non_server_port_num=2048
non_server_port_std_utilization=7.12481086341
non_server_ports_zero_num=17
server_port_99.9th_utilization=58.1000355332
server_port_99th_utilization=41.9118487051
server_port_mean_utilization=1.3278006894
server_port_median_utilization=0.101778761109
server_port_num=2048
server_port_std_utilization=6.64575664778
server_port_zero_num=112
