all_port_99.9th_utilization=92.9991140085
all_port_99th_utilization=89.1988675945
all_port_mean_utilization=38.9237433105
all_port_median_utilization=39.6320384624
all_port_num=4536
all_port_std_utilization=31.7391261709
all_port_unique_sources=1296
all_port_unique_targets=1296
non_server_port_99.9th_utilization=94.2332873974
non_server_port_99th_utilization=83.3895056724
non_server_port_mean_utilization=51.9818246177
non_server_port_median_utilization=53.7286548971
non_server_port_num=2376
non_server_port_std_utilization=16.0514759508
non_server_ports_zero_num=0
server_port_99.9th_utilization=91.9595856997
server_port_99th_utilization=90.0185852319
server_port_mean_utilization=24.5598538726
server_port_median_utilization=0.0
server_port_num=2160
server_port_std_utilization=37.9233496546
server_port_zero_num=1520
