all_port_99.9th_utilization=54.3069068572
all_port_99th_utilization=44.8250910053
all_port_mean_utilization=18.0385359841
all_port_median_utilization=17.3350559996
all_port_num=4536
all_port_std_utilization=15.1690521414
all_port_unique_sources=1296
all_port_unique_targets=1296
non_server_port_99.9th_utilization=56.8181634678
non_server_port_99th_utilization=48.0665482194
non_server_port_mean_utilization=24.2136767278
non_server_port_median_utilization=23.3918942599
non_server_port_num=2376
non_server_port_std_utilization=9.20949224371
non_server_ports_zero_num=0
server_port_99.9th_utilization=43.4396481875
server_port_99th_utilization=41.8707032861
server_port_mean_utilization=11.2458811659
server_port_median_utilization=0.0
server_port_num=2160
server_port_std_utilization=17.3732069261
server_port_zero_num=1520
