all_port_99.9th_utilization=67.9391967301
all_port_99th_utilization=62.8830210347
all_port_mean_utilization=40.6568442569
all_port_median_utilization=41.2457713867
all_port_num=4536
all_port_std_utilization=12.7946907453
all_port_unique_sources=1296
all_port_unique_targets=1296
non_server_port_99.9th_utilization=69.8086219733
non_server_port_99th_utilization=64.3200588
non_server_port_mean_utilization=47.291930692
non_server_port_median_utilization=48.14776216
non_server_port_num=2376
non_server_port_std_utilization=8.66656433984
non_server_ports_zero_num=0
server_port_99.9th_utilization=54.2482509423
server_port_99th_utilization=48.6624051707
server_port_mean_utilization=33.3582491783
server_port_median_utilization=36.6340034667
server_port_num=2160
server_port_std_utilization=12.6278289162
server_port_zero_num=240
