all_port_99.9th_utilization=50.8902450522
all_port_99th_utilization=34.89886544
all_port_mean_utilization=2.09778661215
all_port_median_utilization=0.5171746
all_port_num=4096
all_port_std_utilization=6.33967005629
all_port_unique_sources=1152
all_port_unique_targets=1152
non_server_port_99.9th_utilization=53.9801606682
non_server_port_99th_utilization=33.494970728
non_server_port_mean_utilization=2.40992683696
non_server_port_median_utilization=0.6480179
non_server_port_num=2048
non_server_port_std_utilization=6.21174239053
non_server_ports_zero_num=0
server_port_99.9th_utilization=37.1731991056
server_port_99th_utilization=35.460694624
server_port_mean_utilization=1.78564638735
server_port_median_utilization=0.4586186
server_port_num=2048
server_port_std_utilization=6.44997878129
server_port_zero_num=0
