all_port_99.9th_utilization=56.0553037216
all_port_99th_utilization=52.170443174
all_port_mean_utilization=35.9338755495
all_port_median_utilization=37.97351168
all_port_num=4536
all_port_std_utilization=10.4901625218
all_port_unique_sources=1296
all_port_unique_targets=1296
non_server_port_99.9th_utilization=56.665306215
non_server_port_99th_utilization=53.44022429
non_server_port_mean_utilization=38.0630788381
non_server_port_median_utilization=38.98132866
non_server_port_num=2376
non_server_port_std_utilization=7.60493230715
non_server_ports_zero_num=0
server_port_99.9th_utilization=51.9255394184
server_port_99th_utilization=47.824481522
server_port_mean_utilization=33.591751932
server_port_median_utilization=37.09027552
server_port_num=2160
server_port_std_utilization=12.529983047
server_port_zero_num=240
