all_port_99.9th_utilization=68.6070514
all_port_99th_utilization=35.66979531
all_port_mean_utilization=8.574504257
all_port_median_utilization=7.35521933333
all_port_num=6144
all_port_std_utilization=6.27752360708
all_port_unique_sources=1344
all_port_unique_targets=1344
non_server_port_99.9th_utilization=68.5385625737
non_server_port_99th_utilization=34.9295664667
non_server_port_mean_utilization=8.47075685662
non_server_port_median_utilization=7.29602093333
non_server_port_num=4096
non_server_port_std_utilization=6.05787705056
non_server_ports_zero_num=256
server_port_99.9th_utilization=69.9483023638
server_port_99th_utilization=38.415864194
server_port_mean_utilization=8.78199905775
server_port_median_utilization=7.46304076667
server_port_num=2048
server_port_std_utilization=6.6904094086
server_port_zero_num=128
